4157
75779	76142	1	0	0
86648	87585	2	1	1
112966	113173	2	2	2
121257	121425	2	2	2
123311	125099	1	3	3
125171	126122	1	3	3
125577	125926	2	2	2
127203	127461	2	4	4
127513	127647	2	4	4
129278	129512	1	5	7
129571	131372	2	4	4
131466	131523	2	4	4
133572	133777	2	4	5
133587	133777	2	4	4
133613	133777	2	4	6
134563	134795	2	4	5
134563	134795	2	4	6
134889	134946	2	4	5
134889	134946	2	4	6
135174	135859	2	4	5
138046	138110	2	4	4
138046	138110	2	4	5
138046	138110	2	4	6
138955	138997	2	4	4
138955	139116	2	4	6
138955	139151	2	4	5
139488	139611	2	4	5
152998	153101	2	6	8
167783	167883	2	7	9
168942	169051	2	7	9
171597	171715	1	5	7
180208	180403	2	7	9
185901	186135	1	5	7
193077	193153	1	8	16
193711	193910	1	8	16
194417	194574	1	8	16
196760	197045	1	9	17
196794	197412	1	9	18
196952	197045	1	9	19
197296	197412	1	9	17
197296	197412	1	9	19
197560	197760	1	9	17
197560	197760	1	9	18
197560	197760	1	9	19
198028	200260	1	9	18
198198	198299	1	9	17
198198	198299	1	9	19
198463	198584	1	9	17
198463	198584	1	9	19
199368	199508	1	9	17
199943	200070	1	9	19
199943	200257	1	9	17
202923	205468	2	7	11
202923	205666	2	7	10
203622	204069	1	10	20
205073	205468	2	7	12
205102	205431	2	7	13
205168	205468	2	7	14
205344	205469	1	10	20
205435	206042	2	7	15
205610	205666	2	7	9
205610	205666	2	7	11
205610	205666	2	7	13
205610	205666	2	7	14
205951	206042	2	7	9
205951	206042	2	7	10
205951	206042	2	7	11
205951	206042	2	7	12
205951	206042	2	7	13
205951	206042	2	7	14
207006	207220	2	7	14
207302	207355	2	7	13
207302	207373	2	7	12
207302	207377	2	7	15
207302	207381	2	7	10
207302	207382	2	7	9
207302	207398	2	7	11
207707	208937	1	11	21
208529	208937	1	11	22
208799	208937	1	11	23
208799	208937	1	11	24
208836	208937	1	11	25
208840	208937	1	11	26
208854	208937	1	11	27
209068	209999	1	11	28
209079	209317	1	11	29
209174	209248	1	11	27
209174	209317	1	11	24
209258	209317	1	11	26
209270	209317	1	11	21
209270	209317	1	11	22
209270	209317	1	11	23
209270	209787	1	11	25
209335	209405	1	12	38
209406	209737	1	11	29
209406	209810	1	11	26
209406	209999	1	11	21
209406	209999	1	11	22
209406	209999	1	11	24
209478	209790	1	11	23
209629	209999	1	11	30
209744	209999	1	11	31
210363	213779	1	11	32
210406	210444	1	11	30
210570	210661	1	11	21
210570	210661	1	11	22
210570	210661	1	11	28
210570	210661	1	11	30
210570	210661	1	11	31
210574	210661	1	11	24
211198	211348	1	11	21
211198	211348	1	11	22
211198	211348	1	11	28
211198	211348	1	11	30
211198	211348	1	11	31
212415	212510	1	11	21
212415	212510	1	11	22
212415	212510	1	11	28
212415	212510	1	11	30
212415	212590	1	11	31
212467	212510	1	11	33
212596	212758	1	11	22
212614	212723	1	11	30
212614	212758	1	11	21
212614	212758	1	11	28
212614	212915	1	11	33
212727	212758	1	11	34
212836	212980	1	11	21
212836	212980	1	11	22
212836	212980	1	11	28
212836	212980	1	11	34
212869	212980	1	11	35
213035	213417	1	11	36
213298	213417	1	11	21
213298	213417	1	11	22
213298	213417	1	11	28
213298	213417	1	11	34
213298	213417	1	11	35
213448	213496	1	11	37
214205	214556	1	11	34
214229	214515	1	11	36
214229	214555	1	11	37
214229	215112	1	11	21
214229	215112	1	11	22
214229	215112	1	11	28
214287	214494	1	11	35
215029	216717	2	13	39
216144	216717	2	13	40
216178	216717	2	13	41
216205	216717	2	13	42
216390	216717	2	13	43
216524	216717	2	13	44
216610	216717	2	13	45
218777	219040	2	13	40
218777	219040	2	13	43
218831	219040	2	13	39
218831	219040	2	13	41
218831	219040	2	13	42
218831	219040	2	13	44
218831	219040	2	13	45
222378	223848	2	13	40
224065	224238	2	13	40
224077	224238	2	13	39
224077	224238	2	13	41
224077	224238	2	13	42
224077	224238	2	13	43
224077	224238	2	13	45
224089	224238	2	13	46
224166	224238	2	13	47
224221	224238	2	13	48
225672	226080	2	13	49
225761	226080	2	13	50
230451	230551	2	13	39
230451	230551	2	13	41
230451	230551	2	13	42
230451	230551	2	13	43
230451	230551	2	13	44
230451	230551	2	13	45
230451	230551	2	13	47
230451	230551	2	13	49
230451	230640	2	13	48
230451	230691	2	13	50
230602	230705	2	13	51
232982	233214	2	13	39
232982	233214	2	13	41
232982	233214	2	13	42
232982	233214	2	13	43
232982	233214	2	13	44
232982	233214	2	13	45
232982	233214	2	13	46
232982	233214	2	13	47
232982	233214	2	13	48
232982	233214	2	13	49
232982	233214	2	13	51
232982	233214	2	13	52
233191	233214	2	13	53
233208	233214	2	13	54
233342	233436	2	13	42
233342	233436	2	13	47
233342	233485	2	13	54
233342	233533	2	13	39
233342	233533	2	13	41
233342	233533	2	13	44
233342	233533	2	13	45
233342	233533	2	13	46
233342	233533	2	13	48
233342	233533	2	13	49
233342	233533	2	13	51
233342	233533	2	13	52
233342	233682	2	13	53
233910	233927	2	13	46
233910	234003	2	13	52
236047	236325	2	13	54
236047	236329	2	13	47
236047	236341	2	13	39
236047	236351	2	13	44
236047	236353	2	13	43
236193	236336	2	13	40
236193	236338	2	13	48
236193	236342	2	13	41
236193	236344	2	13	51
236193	236353	2	13	42
236615	236833	2	13	45
236615	236858	2	13	52
236615	236930	2	13	49
236965	237143	1	14	55
236975	237143	1	14	56
236976	237143	1	14	57
236976	237143	1	14	58
236980	237143	1	14	59
236999	237143	1	14	60
237003	237143	1	14	61
237025	237143	1	14	62
237037	237143	1	14	63
238997	239075	1	14	55
238997	239075	1	14	56
238997	239075	1	14	57
238997	239075	1	14	60
238997	239075	1	14	62
238997	239075	1	14	63
243098	243482	2	15	69
244040	244074	1	14	55
244040	244074	1	14	56
244040	244074	1	14	61
244040	244074	1	14	62
244040	244215	1	14	58
244040	244215	1	14	60
244040	244468	1	14	57
244160	244215	1	14	55
244160	244215	1	14	56
244160	244215	1	14	59
244160	244215	1	14	61
244160	244215	1	14	62
244160	244215	1	14	63
244425	244468	1	14	55
244425	244468	1	14	56
244425	244468	1	14	58
244425	244468	1	14	59
244425	244468	1	14	60
244425	244468	1	14	61
244425	244468	1	14	62
244425	244468	1	14	63
244428	244468	1	14	64
244674	244704	1	14	55
244674	244760	1	14	56
244674	244760	1	14	57
244674	244760	1	14	58
244674	244760	1	14	59
244674	244760	1	14	60
244674	244760	1	14	61
244674	244760	1	14	62
244674	244760	1	14	63
244674	244760	1	14	64
247276	247299	1	14	57
247276	247447	1	14	55
247276	247447	1	14	56
247276	247447	1	14	58
247276	247447	1	14	59
247276	247447	1	14	60
247276	247447	1	14	62
247276	247447	1	14	63
247276	247447	1	14	64
247276	248196	1	14	61
248606	249056	1	14	65
248775	248790	1	14	55
248775	248854	1	14	56
248775	248854	1	14	58
248775	248854	1	14	59
248775	248854	1	14	60
248775	248854	1	14	62
248775	248854	1	14	63
248775	248854	1	14	64
248931	249056	1	14	56
248931	249056	1	14	58
248931	249056	1	14	59
248931	249056	1	14	60
248931	249056	1	14	62
248931	249056	1	14	63
248931	249056	1	14	64
250783	252982	1	14	66
250802	250864	1	14	56
250802	250864	1	14	58
250802	250864	1	14	59
250802	250864	1	14	60
250802	250864	1	14	62
250802	250864	1	14	63
250802	250864	1	14	64
250802	250864	1	14	65
251226	251339	1	14	67
251542	251935	1	14	68
251545	251610	1	14	59
251545	251625	1	14	56
251545	251625	1	14	58
251545	251625	1	14	60
251545	251625	1	14	63
251545	251625	1	14	65
251545	251625	1	14	67
251819	251893	1	14	65
251819	251935	1	14	56
251819	251935	1	14	58
251819	251935	1	14	60
251819	251935	1	14	62
251819	251935	1	14	63
251819	251935	1	14	67
252504	252616	1	14	68
252504	252826	1	14	64
252504	252844	1	14	67
252504	252952	1	14	62
252504	252965	1	14	60
252504	252980	1	14	58
252504	252980	1	14	63
252504	252983	1	14	56
253415	253557	2	16	70
253445	253557	2	17	72
259386	259605	2	16	70
269042	269460	2	16	71
269289	269398	2	16	70
278406	278597	1	18	73
278569	278597	1	18	74
279058	279606	1	18	75
279326	279606	1	18	73
279326	279606	1	18	74
279833	279859	1	18	75
279833	279871	1	18	73
279833	279871	1	18	74
280083	281838	1	18	73
280083	281838	1	18	74
282701	282796	1	18	74
282704	282796	1	18	73
284229	284399	1	18	73
284229	284399	1	18	74
284474	284641	1	18	73
284474	284641	1	18	74
285165	285303	1	18	74
285165	285387	1	18	73
287304	287333	1	19	76
288019	288297	1	19	76
288037	288810	1	19	77
288085	288491	1	19	78
288618	288798	1	19	78
288949	288977	1	19	78
288949	288986	1	19	77
289125	289238	1	20	79
289134	289238	1	20	80
289171	289238	1	20	81
289177	289238	1	20	82
289558	290074	1	20	83
289803	290074	1	20	79
289803	290074	1	20	80
289803	290074	1	20	82
289869	290074	1	20	81
289919	290074	1	20	84
290389	290599	1	20	79
290389	290599	1	20	80
290389	290599	1	20	81
290389	290599	1	20	83
290389	290599	1	20	84
290389	290799	1	20	82
290657	291112	1	20	81
290677	290780	1	20	84
290677	291112	1	20	79
290677	291112	1	20	83
290677	292094	1	20	80
291001	291112	1	20	84
291559	292094	1	20	85
291975	292094	1	20	79
291975	292094	1	20	81
291975	292094	1	20	83
291975	292094	1	20	84
292545	292575	1	20	84
292545	292676	1	20	79
292545	292676	1	20	80
292545	292676	1	20	81
292545	292676	1	20	83
292545	292676	1	20	85
292885	292982	1	20	83
292885	292996	1	20	79
292885	292996	1	20	81
292885	292996	1	20	85
292885	293501	1	20	80
293067	293234	1	20	83
293162	293234	1	20	79
293162	293234	1	20	81
293162	293726	1	20	85
293365	293501	1	20	79
293365	293501	1	20	83
293593	293726	1	20	79
293593	293726	1	20	80
293593	293726	1	20	83
293669	293726	1	20	81
293678	293726	1	20	86
293829	293924	1	20	79
293829	293924	1	20	80
293829	293924	1	20	81
293829	293924	1	20	83
293829	293924	1	20	85
293829	293924	1	20	86
294098	294195	1	20	79
294098	294195	1	20	80
294098	294195	1	20	81
294098	294195	1	20	83
294098	294195	1	20	85
294098	294195	1	20	86
294266	294477	1	20	79
294266	294477	1	20	80
294266	294477	1	20	81
294266	294477	1	20	83
294266	294477	1	20	85
294320	294477	1	20	86
294555	294731	1	20	86
294555	295257	1	20	83
294555	295675	1	20	81
294555	295677	1	20	80
294555	295682	1	20	85
294555	296106	1	20	79
298199	298712	2	21	87
299304	299525	2	21	87
303654	303683	1	22	88
303829	303858	1	22	89
303855	304143	2	23	111
304396	304425	1	22	90
304411	304440	1	22	91
307186	307213	1	22	92
307186	307213	1	22	93
307598	307629	1	22	94
307630	307791	1	22	95
307673	307791	1	22	92
307815	308437	1	22	96
308048	308077	1	22	92
308105	308437	1	22	97
308132	308437	1	22	98
308135	308441	1	22	99
308192	308437	1	22	100
308192	308437	1	22	102
308192	308473	1	22	101
308192	308473	1	22	103
308230	308437	1	22	88
308230	308437	1	22	89
308230	308437	1	22	90
308230	308437	1	22	91
308230	308437	1	22	93
308230	308437	1	22	94
308230	308437	1	22	95
308252	308437	1	22	104
308319	308437	1	22	105
308407	308437	1	24	112
308508	308537	1	22	106
308697	308726	1	22	107
308754	308888	1	22	105
308754	308888	1	22	108
308768	308797	1	22	109
308972	309164	1	22	100
309012	309164	1	22	106
309012	309164	1	22	107
309012	309164	1	22	109
309012	309183	1	22	110
309012	309229	1	22	95
309012	309251	1	22	98
309012	309391	1	22	105
309012	309394	1	22	96
309012	309394	1	22	101
309017	309391	1	22	108
309017	309394	1	22	99
309017	309394	1	22	103
309017	309396	1	22	97
309023	309392	1	22	104
309139	309394	1	22	102
309252	309394	1	22	110
309320	309376	1	22	98
310040	310170	1	25	114
310040	310170	1	25	116
310040	310170	1	25	118
310040	310313	1	25	113
310040	310313	1	25	115
310040	310313	1	25	117
310138	310422	2	26	142
310943	310972	1	25	119
310943	310972	1	25	120
311034	311140	2	26	142
311308	311339	1	25	121
311308	311339	1	25	122
311839	311868	1	25	123
313390	313419	1	25	124
313390	313419	1	25	125
313505	313690	1	25	126
313526	313690	1	25	127
313526	313690	1	25	128
313526	313690	1	25	129
313996	314355	1	25	113
313996	314355	1	25	118
313996	314355	1	25	120
313996	314355	1	25	122
313996	314355	1	25	125
313996	314355	1	25	129
313999	314355	1	25	114
313999	314355	1	25	115
313999	314355	1	25	119
313999	314355	1	25	123
313999	314355	1	25	127
314039	314340	1	25	137
314039	314349	1	25	130
314039	314355	1	25	131
314039	314355	1	25	132
314039	314355	1	25	134
314039	314355	1	25	135
314039	314355	1	25	138
314039	314355	1	25	139
314039	314359	1	25	133
314039	314391	1	25	136
314163	314355	1	25	116
314163	314355	1	25	117
314163	314355	1	25	121
314163	314355	1	25	126
314167	314355	1	25	128
314191	314355	1	25	124
314417	314455	1	25	140
314551	314645	1	25	130
314642	314808	1	25	138
314673	314808	1	25	135
314786	314808	1	25	141
314881	314961	1	25	141
314881	315271	1	25	139
314921	314961	1	25	130
314921	314961	1	25	140
314921	315239	1	25	129
314921	315270	1	25	118
314921	315271	1	24	112
314921	315271	1	25	126
314921	315271	1	25	134
314921	315271	1	25	135
314921	315271	1	25	136
314921	315271	1	25	138
314926	315270	1	25	131
314926	315270	1	25	133
314932	315270	1	25	132
314963	315271	1	25	137
318639	318745	1	27	143
318652	318745	1	27	144
318671	318745	1	27	145
319356	319614	1	27	143
319675	319984	2	28	149
319675	319984	2	28	150
319675	319989	2	28	146
319675	319989	2	28	147
319675	319989	2	28	148
319675	319989	2	28	151
319675	319989	2	28	153
319675	319989	2	28	154
319675	320029	2	28	152
319678	319989	2	28	155
319772	319989	2	28	156
319772	319989	2	28	157
320112	320247	2	28	155
320112	320840	2	28	148
320275	320345	2	28	153
320275	320352	2	28	154
320464	320493	2	28	146
320490	320519	2	28	147
320560	320840	2	28	150
320564	320771	2	28	156
320564	320771	2	28	157
320564	320771	2	28	158
320564	320771	2	28	159
320564	320771	2	28	160
320564	320771	2	28	161
320564	320771	2	28	162
320564	320771	2	28	163
320564	320771	2	28	164
320564	320771	2	28	165
320564	320840	2	28	149
320564	320840	2	28	155
320564	320859	2	28	151
320564	320859	2	28	152
320729	320859	2	28	153
320748	320859	2	28	154
321136	321165	2	28	158
321223	321339	2	28	156
321347	321385	2	28	162
321620	321649	2	28	159
321698	321727	2	28	160
321737	321766	2	28	161
321990	322222	1	29	173
322185	322399	2	28	166
322379	322425	1	29	173
322556	322726	2	28	166
322595	322624	2	28	162
322595	322624	2	28	163
324110	325068	1	27	145
324574	325630	1	27	144
325702	326293	2	28	167
325757	326145	2	28	164
327170	327735	1	30	174
327194	327223	2	28	168
327194	327223	2	28	169
327194	327223	2	28	170
327250	327536	2	28	157
327250	327536	2	28	164
327309	327627	1	30	175
327399	327627	1	30	176
327406	327435	2	28	168
327439	327468	2	28	169
327729	327956	1	30	176
328412	328441	2	28	171
328776	328805	2	28	172
329103	329230	1	30	175
329147	329226	2	28	171
329163	329226	2	28	172
329192	329452	1	30	174
329445	329474	2	28	165
329445	329474	2	28	170
329445	329474	2	28	171
329708	330189	1	30	177
329982	330121	1	30	175
333191	333687	1	31	178
369498	369953	1	32	179
369795	369953	1	32	180
372108	372211	1	32	179
372108	372211	1	32	180
372661	372753	1	32	179
372661	372806	1	32	180
372851	372946	1	32	179
373025	373115	1	32	179
373190	373290	1	32	179
373448	373515	1	32	179
373749	373827	1	32	179
375460	375526	1	32	179
375460	375526	1	32	181
375638	375772	1	32	179
375638	375955	1	32	181
375846	375955	1	32	179
376073	376107	1	32	181
376073	376173	1	32	179
376250	376350	1	32	179
376420	377326	1	32	179
379417	379700	1	32	179
379865	380018	1	32	179
379981	380018	1	32	182
380100	380201	1	32	182
380129	380201	1	32	179
380291	380444	1	32	179
380291	380444	1	32	182
380291	380444	1	32	183
380670	380950	1	32	183
380824	380950	1	32	179
380824	380950	1	32	182
381668	382108	1	32	183
381668	382116	1	32	179
392613	392707	1	33	184
393448	393533	1	33	185
393462	393516	1	33	186
394144	394182	1	33	187
394208	394523	1	33	188
394242	394333	1	33	190
394242	394523	1	33	189
394328	394523	1	33	184
394328	394523	1	33	185
394328	394523	1	33	186
394328	394523	1	33	187
394508	394523	1	33	190
396150	396338	1	33	191
396607	396686	1	33	184
396607	396686	1	33	185
396607	396686	1	33	186
396607	396686	1	33	187
396607	396686	1	33	188
396607	396686	1	33	190
396607	396686	1	33	191
396607	396914	1	33	189
396813	396984	1	33	191
396813	397444	1	33	184
396813	397444	1	33	185
396813	397444	1	33	186
396813	397444	1	33	187
396813	397444	1	33	188
396813	397444	1	33	190
397371	397444	1	33	192
397538	397661	1	33	184
397538	397661	1	33	185
397538	397661	1	33	186
397538	397661	1	33	187
397538	397661	1	33	188
397538	397661	1	33	190
397538	397775	1	33	192
397629	397661	1	33	193
398991	399195	1	33	184
398991	399195	1	33	185
398991	399195	1	33	186
398991	399195	1	33	187
398991	399195	1	33	188
398991	399195	1	33	190
398991	399195	1	33	193
399966	400140	1	33	184
399966	400140	1	33	185
399966	400140	1	33	186
399966	400140	1	33	187
399966	400140	1	33	188
399966	400140	1	33	190
399966	400259	1	33	193
400333	400450	1	33	184
400333	400450	1	33	185
400333	400450	1	33	186
400333	400450	1	33	187
400333	400450	1	33	188
400333	400450	1	33	190
400534	400704	1	33	184
400534	400704	1	33	185
400534	400704	1	33	186
400534	400704	1	33	187
400534	400704	1	33	188
400534	400704	1	33	190
403077	403262	1	33	184
403077	403262	1	33	185
403077	403262	1	33	186
403077	403262	1	33	187
403077	403262	1	33	188
403077	403262	1	33	190
403617	403770	1	33	184
403617	403770	1	33	185
403617	403770	1	33	186
403617	403770	1	33	187
403617	403770	1	33	188
403617	403770	1	33	190
403942	404134	1	33	184
403942	404134	1	33	185
403942	404134	1	33	186
403942	404134	1	33	187
403942	404134	1	33	188
403942	404134	1	33	190
404086	404134	1	33	194
404235	404322	1	33	184
404235	404322	1	33	185
404235	404322	1	33	186
404235	404322	1	33	187
404235	404322	1	33	188
404235	404322	1	33	190
404235	404680	1	33	194
404533	404907	1	33	184
404533	404907	1	33	185
404533	404907	1	33	186
404533	404907	1	33	187
404533	404907	1	33	188
404533	404907	1	33	190
405714	406058	2	34	195
405714	406058	2	34	196
405715	406058	2	34	197
405715	406058	2	34	198
405715	406058	2	34	199
405715	406058	2	34	200
405715	406058	2	34	201
405715	406058	2	34	202
405715	406058	2	34	203
405715	406058	2	34	204
405715	406058	2	34	205
405715	406058	2	34	206
405715	406058	2	34	207
405715	406058	2	34	208
405717	406058	2	34	209
405727	406058	2	34	210
405871	406537	2	34	211
406141	406537	2	34	202
406348	406537	2	34	195
406348	406537	2	34	196
406348	406537	2	34	197
406348	406537	2	34	198
406348	406537	2	34	199
406348	406537	2	34	200
406348	406537	2	34	201
406348	406537	2	34	203
406348	406537	2	34	204
406348	406537	2	34	205
406348	406537	2	34	206
406348	406537	2	34	207
406348	406537	2	34	209
406348	406537	2	34	210
406348	407163	2	34	208
406426	406992	2	34	212
406842	406992	2	34	195
406842	406992	2	34	196
406842	406992	2	34	197
406842	406992	2	34	198
406842	406992	2	34	199
406842	406992	2	34	200
406842	406992	2	34	202
406842	406992	2	34	203
406842	406992	2	34	205
406842	406992	2	34	206
406842	406992	2	34	207
406842	406992	2	34	209
406842	406992	2	34	210
406842	406992	2	34	211
406875	406992	2	34	204
406875	406992	2	34	213
407061	407163	2	34	195
407061	407163	2	34	196
407061	407163	2	34	197
407061	407163	2	34	198
407061	407163	2	34	199
407061	407163	2	34	200
407061	407163	2	34	201
407061	407163	2	34	202
407061	407163	2	34	203
407061	407163	2	34	204
407061	407163	2	34	205
407061	407163	2	34	206
407061	407163	2	34	207
407061	407163	2	34	209
407061	407163	2	34	211
407061	407163	2	34	213
407061	407190	2	34	210
407061	407194	2	34	212
407062	407163	2	34	214
407122	407163	2	34	215
407232	407567	2	34	216
407314	407533	2	34	217
407424	407533	2	34	195
407424	407533	2	34	197
407424	407533	2	34	208
407424	407567	2	34	196
407424	407567	2	34	198
407424	407567	2	34	199
407424	407567	2	34	200
407424	407567	2	34	201
407424	407567	2	34	202
407424	407567	2	34	203
407424	407567	2	34	204
407424	407567	2	34	205
407424	407567	2	34	206
407424	407567	2	34	207
407424	407567	2	34	209
407424	407567	2	34	211
407424	407567	2	34	213
407424	407567	2	34	214
407424	407567	2	34	215
407451	407567	2	34	218
407526	407567	2	34	219
407816	407845	2	34	216
407816	407956	2	34	195
407816	407956	2	34	196
407816	407956	2	34	197
407816	407956	2	34	199
407816	407956	2	34	200
407816	407956	2	34	201
407816	407956	2	34	202
407816	407956	2	34	203
407816	407956	2	34	204
407816	407956	2	34	205
407816	407956	2	34	206
407816	407956	2	34	207
407816	407956	2	34	208
407816	407956	2	34	209
407816	407956	2	34	211
407816	407956	2	34	213
407816	407956	2	34	214
407816	407956	2	34	215
407816	407956	2	34	217
407816	407956	2	34	218
407851	407956	2	34	198
407851	407956	2	34	219
407888	407956	2	34	220
407896	407956	2	34	221
408072	408205	2	34	195
408072	408205	2	34	196
408072	408205	2	34	198
408072	408205	2	34	199
408072	408205	2	34	200
408072	408205	2	34	201
408072	408205	2	34	202
408072	408205	2	34	203
408072	408205	2	34	204
408072	408205	2	34	205
408072	408205	2	34	206
408072	408205	2	34	207
408072	408205	2	34	208
408072	408205	2	34	209
408072	408205	2	34	211
408072	408205	2	34	213
408072	408205	2	34	215
408072	408205	2	34	217
408072	408205	2	34	218
408072	408205	2	34	219
408072	408205	2	34	220
408072	408205	2	34	221
408694	408892	2	34	195
408694	408892	2	34	197
408694	408892	2	34	199
408694	408892	2	34	200
408694	408892	2	34	201
408694	408892	2	34	202
408694	408892	2	34	203
408694	408892	2	34	205
408694	408892	2	34	207
408694	408892	2	34	209
408694	408892	2	34	211
408694	408892	2	34	214
408694	408892	2	34	219
408694	408892	2	34	220
408694	408892	2	34	221
408893	409100	2	34	218
409216	409307	2	34	199
409465	410026	2	34	222
409859	410026	2	34	195
409859	410026	2	34	220
409867	409976	2	34	211
409867	409997	2	34	209
409867	410013	2	34	214
409867	410015	2	34	219
409867	410026	2	34	197
409867	410026	2	34	198
409867	410026	2	34	199
409867	410026	2	34	200
409867	410026	2	34	201
409867	410026	2	34	202
409867	410026	2	34	203
409867	410026	2	34	205
409867	410026	2	34	206
409867	410026	2	34	207
409867	410026	2	34	208
409867	410026	2	34	215
409867	410026	2	34	218
414822	414922	2	34	217
414822	414930	2	34	213
414822	414947	2	34	197
414822	414956	2	34	198
414822	414983	2	34	215
414822	414988	2	34	218
414822	414988	2	34	222
414822	414995	2	34	199
414822	414998	2	34	200
414822	414998	2	34	201
414822	414998	2	34	202
414822	414998	2	34	221
414822	415003	2	34	220
416775	417083	2	34	203
417293	417321	2	34	204
417293	417324	2	34	205
417293	417330	2	34	209
417293	417358	2	34	206
417293	417408	2	34	196
417293	417454	2	34	208
417324	417346	2	34	195
417324	417396	2	34	207
417932	418588	2	35	223
417934	418588	2	35	224
417937	418588	2	35	225
417937	418588	2	35	226
418191	418588	2	35	227
418540	418588	2	35	228
418719	418812	2	35	224
418719	418812	2	35	225
418719	418812	2	35	226
418719	418812	2	35	227
418719	418812	2	35	228
418719	418988	2	35	223
418887	418988	2	35	224
418887	418988	2	35	225
418887	418988	2	35	226
418887	418988	2	35	227
418887	419414	2	35	228
419581	419728	2	35	224
419581	419728	2	35	226
419581	419728	2	35	227
419581	420614	2	35	223
419581	420859	2	35	225
420462	420614	2	35	224
420462	420614	2	35	226
420462	420614	2	35	227
420717	420859	2	35	223
420717	420859	2	35	224
420717	420859	2	35	226
420717	420859	2	35	227
420928	421041	2	35	229
420944	421041	2	35	223
420944	421041	2	35	224
420944	421041	2	35	225
420944	421041	2	35	226
420944	421041	2	35	227
421140	421197	2	35	223
421140	421197	2	35	224
421140	421197	2	35	225
421140	421197	2	35	226
421140	421197	2	35	227
421140	421285	2	35	229
428087	428198	2	35	223
428087	428198	2	35	224
428087	428198	2	35	225
428087	428198	2	35	226
428087	428198	2	35	227
428357	428393	2	35	223
428357	428393	2	35	224
428357	428393	2	35	225
428357	428393	2	35	226
428357	428393	2	35	227
428474	428638	2	35	223
428474	428638	2	35	224
428474	428638	2	35	225
428474	428638	2	35	226
428474	428638	2	35	227
428721	428825	2	35	223
428721	428825	2	35	224
428721	428825	2	35	225
428721	428825	2	35	226
428721	428825	2	35	227
429473	429651	2	35	224
429542	429651	2	35	230
429569	429651	2	35	226
429569	429651	2	35	227
429569	429757	2	35	223
429569	430178	2	35	225
429757	429817	2	35	226
429757	429817	2	35	227
429757	429865	2	35	224
429757	430112	2	35	230
430082	430178	2	35	226
430082	430178	2	35	227
430268	430402	2	35	225
430268	430402	2	35	226
430268	430402	2	35	227
431693	431766	2	35	226
431693	431905	2	35	227
431693	433458	2	35	225
431847	431905	2	35	226
431998	432053	2	35	226
431998	432053	2	35	227
433313	433458	2	35	226
433313	433458	2	35	227
433814	433936	2	35	225
433814	433936	2	35	226
433814	433936	2	35	227
434023	434097	2	35	225
434023	434097	2	35	226
434023	434097	2	35	227
440398	440692	2	36	231
441920	441956	2	35	227
441920	441995	2	35	225
441920	442010	2	35	226
448267	448418	1	37	232
450278	450636	1	37	233
450295	450636	1	37	234
450326	450636	1	37	235
450346	450636	1	37	236
450353	450636	1	37	237
450419	450636	1	37	238
450450	450636	1	37	239
451351	451492	1	37	239
451384	451492	1	37	234
451384	451492	1	37	237
458673	460287	1	37	240
458860	459110	1	37	238
460186	460287	1	37	232
460186	460287	1	37	233
460186	460287	1	37	234
460186	460287	1	37	235
460186	460287	1	37	236
460186	460287	1	37	239
460186	461050	1	37	237
460760	460878	1	37	235
462929	463040	2	38	245
463347	463898	2	38	245
473894	473976	1	37	233
473894	473976	1	37	234
473894	473976	1	37	236
473894	473976	1	37	239
473894	473976	1	37	240
473919	473976	1	37	241
479084	479089	1	37	239
479084	479151	1	37	232
479084	479151	1	37	233
479084	479151	1	37	234
479084	479151	1	37	240
479084	479151	1	37	241
479084	479444	1	37	236
480124	480593	1	37	241
486938	487052	1	37	232
486938	487072	1	37	233
486938	487072	1	37	234
486938	487072	1	37	240
487238	487469	1	37	242
487419	487469	1	37	233
487419	487469	1	37	234
487419	487469	1	37	240
488198	488311	1	37	233
488198	488311	1	37	240
488198	488311	1	37	242
488528	488646	1	37	233
488528	488646	1	37	240
488528	488646	1	37	242
489349	489513	1	37	243
489399	489513	1	37	233
489399	489513	1	37	240
489399	489513	1	37	242
489587	489729	1	37	242
489587	489732	1	37	233
489587	489732	1	37	240
489587	489732	1	37	243
489790	490067	1	37	244
489882	490067	1	37	233
489882	490067	1	37	240
489882	490067	1	37	243
490419	490545	1	37	243
490419	490641	1	37	240
490419	490719	1	37	244
490419	491398	1	37	233
491120	491398	1	37	240
494511	494777	2	39	246
494512	494777	2	39	247
494514	494777	2	39	248
494514	494777	2	39	249
494514	494777	2	39	250
494515	494777	2	39	251
494522	494777	2	39	252
494543	495052	2	39	253
494545	494777	2	39	254
494547	494777	2	39	255
494560	494777	2	39	256
494882	495052	2	39	246
494882	495052	2	39	247
494882	495052	2	39	248
494882	495052	2	39	249
494882	495052	2	39	250
494882	495052	2	39	251
494882	495052	2	39	252
494882	495052	2	39	254
494882	495052	2	39	255
494882	495052	2	39	256
495007	495052	2	39	257
497970	498140	2	39	246
497970	498140	2	39	247
497970	498140	2	39	248
497970	498140	2	39	249
497970	498140	2	39	250
497970	498140	2	39	251
497970	498140	2	39	252
497970	498140	2	39	253
497970	498140	2	39	254
497970	498140	2	39	255
497970	498140	2	39	256
497970	498140	2	39	257
498456	498514	2	39	257
498456	498626	2	39	246
498456	498626	2	39	247
498456	498626	2	39	248
498456	498626	2	39	249
498456	498626	2	39	250
498456	498626	2	39	251
498456	498626	2	39	252
498456	498626	2	39	253
498456	498626	2	39	254
498456	498626	2	39	255
498456	498626	2	39	256
498762	498928	2	39	253
498762	498932	2	39	246
498762	498932	2	39	247
498762	498932	2	39	248
498762	498932	2	39	249
498762	498932	2	39	250
498762	498932	2	39	251
498762	498932	2	39	252
498762	498932	2	39	254
498762	498932	2	39	255
498762	498932	2	39	256
498787	498932	2	39	258
499014	499184	2	39	246
499014	499184	2	39	247
499014	499184	2	39	248
499014	499184	2	39	249
499014	499184	2	39	250
499014	499184	2	39	252
499014	499184	2	39	254
499014	499184	2	39	255
499014	499184	2	39	256
499014	499184	2	39	258
499014	499998	2	39	251
499030	499184	2	39	259
499046	499184	2	39	260
499061	499184	2	39	261
499399	499998	2	39	262
499500	499599	2	39	263
499676	499922	2	39	264
499828	499922	2	39	252
499828	499922	2	39	258
499828	499998	2	39	246
499828	499998	2	39	247
499828	499998	2	39	248
499828	499998	2	39	249
499828	499998	2	39	250
499828	499998	2	39	254
499828	499998	2	39	255
499828	499998	2	39	256
499828	499998	2	39	259
499828	499998	2	39	260
499828	499998	2	39	261
499828	499998	2	39	263
499896	500653	2	39	265
500483	500653	2	39	246
500483	500653	2	39	247
500483	500653	2	39	248
500483	500653	2	39	249
500483	500653	2	39	250
500483	500653	2	39	251
500483	500653	2	39	254
500483	500653	2	39	255
500483	500653	2	39	256
500483	500653	2	39	258
500483	500653	2	39	259
500483	500653	2	39	260
500483	500653	2	39	261
500483	500653	2	39	262
500483	500653	2	39	263
500483	500653	2	39	264
500483	500737	2	39	252
500541	500653	2	39	257
500634	500653	2	39	266
500839	503182	2	39	267
502061	502180	2	39	250
502061	502180	2	39	251
502061	502180	2	39	254
502061	502180	2	39	255
502061	502180	2	39	257
502061	502180	2	39	258
502061	502180	2	39	260
502061	502180	2	39	263
502061	502214	2	39	264
502061	502248	2	39	247
502061	502248	2	39	248
502061	502248	2	39	249
502061	502248	2	39	252
502061	502248	2	39	256
502061	502248	2	39	259
502061	502248	2	39	261
502061	502248	2	39	262
502061	502248	2	39	265
502061	502248	2	39	266
502061	503569	2	39	246
502136	502180	2	39	268
502213	502248	2	39	269
504426	504551	2	39	260
504823	504887	2	39	261
504823	504995	2	39	248
504823	504995	2	39	249
504823	504995	2	39	254
504823	504995	2	39	265
504823	504995	2	39	266
504823	504995	2	39	268
504823	504995	2	39	269
504823	505880	2	39	251
505377	505460	2	39	266
506077	506315	2	39	266
506077	506338	2	39	268
506077	506355	2	39	269
506608	506758	2	39	261
506608	506784	2	39	255
506608	506795	2	39	259
506608	506799	2	39	248
506608	506820	2	39	247
507112	507194	2	39	265
507112	507211	2	39	262
507112	507217	2	39	254
507112	507226	2	39	257
507112	507241	2	39	249
507112	507252	2	39	250
507112	507256	2	39	252
507112	507258	2	39	263
507112	507263	2	39	258
507112	507299	2	39	256
512512	512535	1	40	270
517214	518133	1	40	270
518990	519106	1	41	271
528158	528336	1	41	271
528906	528946	1	42	272
529153	529658	1	42	272
531853	532261	1	41	271
532241	532521	2	43	275
532241	532521	2	43	276
532241	532629	2	43	273
532241	532754	2	43	274
532241	532754	2	43	277
532242	532754	2	43	278
532274	532521	2	43	279
532630	532754	2	43	275
532630	532754	2	43	276
532630	532754	2	43	279
532641	532754	2	43	280
533276	533352	2	43	279
533276	533357	2	43	273
533276	533357	2	43	275
533276	533357	2	43	277
533452	533611	2	43	273
533452	533611	2	43	274
533452	533611	2	43	275
533452	533611	2	43	276
533452	533611	2	43	277
533452	533611	2	43	278
533452	533611	2	43	279
533452	533611	2	43	280
533765	533943	2	43	273
533765	533943	2	43	274
533765	533943	2	43	275
533765	533943	2	43	276
533765	533943	2	43	277
533765	533943	2	43	278
533765	533943	2	43	279
533765	533975	2	43	280
533794	533943	2	43	281
534211	534374	2	43	273
534211	534374	2	43	274
534211	534374	2	43	275
534211	534374	2	43	276
534211	534374	2	43	277
534211	534374	2	43	278
534211	534374	2	43	279
534211	534374	2	43	281
534278	534374	2	43	282
534517	534586	2	43	282
535256	535338	2	43	274
535415	535537	2	43	275
535415	535549	2	43	278
535415	535575	2	43	276
535415	535575	2	43	277
536335	537320	2	43	279
536852	537286	2	43	281
537526	537604	1	44	283
538597	538859	1	44	283
539579	539725	1	44	283
540673	540860	1	44	283
541536	541623	1	44	283
544719	544779	1	44	283
549901	549997	1	44	283
550071	550271	1	44	283
551130	551301	1	44	283
551650	551826	1	44	283
551902	551966	1	44	283
552089	552231	1	44	283
552568	552701	1	44	283
553962	554911	1	44	283
554849	555110	2	45	284
554854	555110	2	45	285
555304	555502	2	45	284
555304	555929	2	45	285
555733	555929	2	45	284
555995	556114	2	45	284
555995	556114	2	45	285
556191	556374	2	45	284
556191	556419	2	45	285
556491	556587	2	45	284
556834	557096	2	45	284
556925	557096	2	45	286
557398	557486	2	45	284
557398	557486	2	45	286
557398	557486	2	45	287
557571	557639	2	45	284
557571	557639	2	45	286
557571	557639	2	45	287
557594	559475	1	46	289
557883	558038	2	45	284
557883	558038	2	45	286
557883	558038	2	45	287
558160	558247	2	45	284
558160	558247	2	45	286
558160	558247	2	45	287
558475	558783	2	45	288
558613	558765	2	45	284
558613	558765	2	45	286
558613	558765	2	45	287
558855	558978	2	45	284
558855	558978	2	45	286
558855	558978	2	45	288
558855	559061	2	45	287
558891	558933	1	46	290
559320	559475	1	46	290
559346	559381	2	45	287
559346	559497	2	45	286
559474	559682	1	46	291
559475	559682	1	46	292
559778	560105	1	46	289
559778	560105	1	46	290
559778	560106	1	46	291
559778	560106	1	46	292
559968	560142	2	45	288
560403	560513	1	47	293
560682	560729	2	45	286
560682	560737	2	45	284
560955	561032	1	47	294
560969	561476	1	47	295
560970	561032	1	47	296
560986	561032	1	47	297
561449	561476	1	47	298
561546	561891	1	47	299
561761	561891	1	47	293
561761	561891	1	47	294
561761	561891	1	47	295
561761	561891	1	47	296
561761	561891	1	47	298
562078	562204	1	47	299
562078	562455	1	47	297
562078	562775	1	47	293
562078	562775	1	47	294
562078	562775	1	47	295
562078	562775	1	47	298
562083	562775	1	47	296
562384	562775	1	47	300
563188	563316	1	47	295
563188	563316	1	47	298
563188	563477	1	47	300
563188	563979	1	47	296
563188	563992	1	47	293
563188	564011	1	47	294
563395	563477	1	47	295
563557	563684	1	47	300
563557	564020	1	47	298
563557	564024	1	47	295
565656	567852	2	48	301
565659	567554	2	48	302
566998	567852	2	48	303
567015	567554	2	48	305
567015	567554	2	48	306
567015	567683	2	48	304
567015	567683	2	48	307
567052	567554	2	48	308
567143	567852	2	48	309
567796	567852	2	48	306
567796	567852	2	48	307
567796	567852	2	48	308
568088	568197	2	49	310
568330	568436	2	48	305
568330	568436	2	48	308
568330	568440	2	48	303
568351	568431	2	48	304
568351	568436	2	48	306
568351	568446	2	48	302
568351	568446	2	48	307
568351	568448	2	48	301
568351	568456	2	48	309
576469	576591	1	50	311
576469	576591	1	50	312
576485	576591	1	50	313
576520	576591	1	50	314
576520	576591	1	50	315
581491	581596	1	50	315
581491	581605	1	50	311
581491	581605	1	50	312
581491	581605	1	50	313
581491	581605	1	50	314
581961	582080	1	50	311
581961	582080	1	50	312
581961	582080	1	50	313
581964	582080	1	50	314
581964	582080	1	50	315
587258	587463	1	50	311
587258	587463	1	50	312
587258	587463	1	50	313
587258	587463	1	50	314
587258	587463	1	50	315
591383	591466	1	50	311
591383	591466	1	50	312
591383	591466	1	50	313
591383	591466	1	50	314
591383	591466	1	50	315
592558	592673	1	50	311
592558	592673	1	50	312
592558	592673	1	50	313
592558	592673	1	50	314
592558	592673	1	50	315
596922	597019	1	50	311
596922	597019	1	50	312
596922	597019	1	50	313
596922	597019	1	50	314
596922	597019	1	50	315
597394	597569	1	50	311
597394	597569	1	50	312
597394	597569	1	50	313
597394	597569	1	50	314
597394	597569	1	50	315
598372	598501	1	50	311
598372	598501	1	50	312
598372	598501	1	50	313
598372	598501	1	50	314
598372	598501	1	50	315
601573	601700	1	50	311
601573	601700	1	50	312
601573	601700	1	50	313
601573	601700	1	50	314
601573	601700	1	50	315
601656	601700	1	50	316
605118	605299	1	50	311
605118	605299	1	50	312
605118	605299	1	50	313
605118	605299	1	50	314
605118	605299	1	50	315
605118	605299	1	50	316
605604	605723	1	50	312
605604	605723	1	50	313
605604	605723	1	50	315
605604	605723	1	50	316
605607	605723	1	50	311
605607	605723	1	50	314
606441	606595	1	50	311
606441	606595	1	50	312
606441	606595	1	50	313
606441	606595	1	50	314
606441	606595	1	50	315
606441	606841	1	50	316
607065	609719	1	50	311
607065	609719	1	50	312
607065	609719	1	50	313
607065	609719	1	50	314
607065	609719	1	50	315
610195	610346	1	50	311
610195	610346	1	50	312
610195	610346	1	50	313
610195	610346	1	50	314
610195	610346	1	50	315
610500	610760	1	50	311
610500	610760	1	50	312
610500	610760	1	50	314
610500	610760	1	50	315
610666	610760	1	50	313
610953	611081	1	50	311
610953	611081	1	50	312
610953	611081	1	50	313
610953	611081	1	50	314
610953	611081	1	50	315
611633	611963	1	50	311
611633	611963	1	50	314
611633	611963	1	50	315
611633	612042	1	50	313
611633	612221	1	50	312
612552	612799	2	51	317
612554	612799	2	51	318
612554	612799	2	51	319
612554	612799	2	51	320
612560	612799	2	51	321
612575	612799	2	51	322
612582	612799	2	51	323
612587	612799	2	51	324
612590	612799	2	51	325
612590	612799	2	51	326
612998	613116	2	51	317
612998	613116	2	51	318
612998	613116	2	51	319
612998	613116	2	51	320
612998	613116	2	51	321
612998	613116	2	51	322
612998	613116	2	51	323
612998	613116	2	51	325
612998	613116	2	51	326
612998	613590	2	51	324
613205	613594	2	51	317
613205	613594	2	51	318
613205	613594	2	51	319
613205	613594	2	51	320
613205	613594	2	51	321
613205	613594	2	51	322
613205	613594	2	51	323
613205	613594	2	51	325
613205	613594	2	51	326
613552	613594	2	51	327
613784	613864	2	51	317
613784	613864	2	51	318
613784	613864	2	51	319
613784	613864	2	51	320
613784	613864	2	51	322
613784	613864	2	51	323
613784	613864	2	51	325
613784	613864	2	51	326
613784	614036	2	51	321
613784	614396	2	51	327
613821	613864	2	51	328
613950	614036	2	51	317
613950	614036	2	51	318
613950	614036	2	51	320
613950	614036	2	51	323
613950	614036	2	51	325
613950	614036	2	51	328
614008	614533	2	51	329
614089	614398	2	51	330
614173	614398	2	51	317
614173	614398	2	51	318
614173	614398	2	51	319
614173	614398	2	51	320
614173	614398	2	51	322
614173	614398	2	51	325
614387	614398	2	51	331
614475	614530	2	51	326
614475	614530	2	51	331
614475	614533	2	51	317
614475	614533	2	51	318
614475	614533	2	51	319
614475	614533	2	51	320
614475	614533	2	51	321
614475	614533	2	51	322
614475	614533	2	51	323
614475	614533	2	51	325
614475	614533	2	51	328
614475	614533	2	51	330
614482	614533	2	51	332
614782	615258	2	51	333
614796	614886	2	51	329
614796	614983	2	51	317
614796	615006	2	51	318
614796	615006	2	51	319
614796	615006	2	51	320
614796	615006	2	51	321
614796	615006	2	51	322
614796	615006	2	51	323
614796	615006	2	51	325
614796	615006	2	51	326
614796	615006	2	51	328
614796	615006	2	51	330
614796	615006	2	51	331
614796	615006	2	51	332
615096	615251	2	51	317
615096	615258	2	51	319
615096	615258	2	51	320
615096	615258	2	51	321
615096	615258	2	51	323
615096	615258	2	51	326
615096	615258	2	51	330
615096	615258	2	51	331
615096	615646	2	51	325
615096	615646	2	51	328
615096	615723	2	51	332
615096	615727	2	51	318
615096	615727	2	51	322
615344	615611	2	51	323
615344	615646	2	51	319
615344	615646	2	51	320
615344	615646	2	51	321
615344	615646	2	51	326
615344	615646	2	51	331
615344	615646	2	51	333
615344	615649	2	51	330
615912	615920	2	51	319
615912	615937	2	51	333
615912	615949	2	51	320
615912	615949	2	51	321
615912	615969	2	51	325
615912	615978	2	51	328
615912	615982	2	51	326
616576	617769	2	52	334
616582	617769	2	52	335
617255	617769	2	52	336
617255	617769	2	52	337
617258	617769	2	52	338
617953	618110	2	52	334
617953	618110	2	52	335
617953	618110	2	52	336
617953	618110	2	52	337
617953	618110	2	52	338
618598	619161	2	52	334
618598	619179	2	52	335
618598	619179	2	52	336
618598	619179	2	52	338
619305	619389	2	52	334
619305	619389	2	52	335
619305	619389	2	52	336
619305	619389	2	52	337
619305	619389	2	52	338
619415	619586	2	52	339
619473	619586	2	52	334
619473	619586	2	52	335
619473	619586	2	52	336
619473	619586	2	52	337
619473	619586	2	52	338
619680	619880	2	52	334
619680	619880	2	52	335
619680	619880	2	52	336
619680	619880	2	52	337
619680	619880	2	52	338
619680	619880	2	52	339
619687	619880	2	52	340
620066	620130	2	52	340
620066	620163	2	52	334
620066	620163	2	52	335
620066	620163	2	52	336
620066	620163	2	52	337
620066	620163	2	52	338
620066	620163	2	52	339
620295	620385	2	52	334
620295	620385	2	52	335
620295	620385	2	52	336
620295	620385	2	52	337
620295	620385	2	52	338
620295	620385	2	52	339
620295	620385	2	52	340
621079	621136	2	52	340
621079	621249	2	52	334
621079	621249	2	52	335
621079	621249	2	52	336
621079	621249	2	52	337
621079	621249	2	52	338
621079	621249	2	52	339
621216	621262	2	52	341
621344	621454	2	52	334
621344	621454	2	52	335
621344	621454	2	52	336
621344	621454	2	52	337
621344	621454	2	52	338
621344	621454	2	52	339
621344	621454	2	52	341
621396	621454	2	52	342
621419	621454	2	52	343
621561	621662	2	52	334
621561	621662	2	52	335
621561	621662	2	52	336
621561	621662	2	52	337
621561	621662	2	52	338
621561	621662	2	52	339
621561	621662	2	52	341
621561	621662	2	52	342
621561	621662	2	52	343
621811	621834	2	52	342
621811	621903	2	52	334
621811	621903	2	52	335
621811	621903	2	52	336
621811	621903	2	52	337
621811	621903	2	52	338
621811	621903	2	52	343
624212	624262	2	52	334
624212	624262	2	52	335
624212	624262	2	52	337
624212	624262	2	52	338
624212	624262	2	52	339
624212	624262	2	52	341
624212	624262	2	52	342
624212	624262	2	52	343
624212	624262	2	52	344
624212	624415	2	52	336
624556	624731	2	52	334
624556	624731	2	52	335
624556	624731	2	52	336
624556	624731	2	52	337
624556	624731	2	52	338
624556	624731	2	52	339
624556	624731	2	52	341
624556	624731	2	52	342
624556	624731	2	52	343
624556	624731	2	52	344
624817	624923	2	52	334
624817	624931	2	52	336
624817	624954	2	52	335
624817	624954	2	52	339
624817	624954	2	52	341
624817	624954	2	52	342
624817	625166	2	52	338
624817	625168	2	52	337
624917	624954	2	52	343
624969	625168	2	52	344
626020	626077	2	52	338
626308	626529	2	53	345
626696	626788	2	53	345
626887	626988	2	53	345
627072	627180	2	53	345
637268	637588	1	54	346
639056	639157	1	54	347
639432	639544	1	54	346
639432	639544	1	54	347
639647	639792	1	54	347
639647	640305	1	54	346
640400	640705	1	54	346
644232	644653	2	55	348
644232	644653	2	55	349
644233	644653	2	55	350
644233	644653	2	55	351
644238	644653	2	55	352
644243	644653	2	55	353
644243	644653	2	55	354
644243	644653	2	55	355
644246	644653	2	55	356
644246	644653	2	55	357
644272	644653	2	55	358
644294	644653	2	55	359
646326	646554	2	55	351
646326	646595	2	55	350
648411	648601	2	55	360
649900	650018	2	55	359
649942	650018	2	55	351
651161	651406	2	55	348
653940	654050	2	55	361
653961	654050	2	55	348
653961	654050	2	55	349
653961	654050	2	55	351
653961	654050	2	55	352
653961	654050	2	55	353
653961	654050	2	55	354
653961	654050	2	55	355
653961	654050	2	55	356
653961	654050	2	55	357
653961	654050	2	55	358
653961	654050	2	55	359
653961	654050	2	55	360
653961	654050	2	55	362
659434	659795	2	55	358
665909	666489	1	56	370
673997	674258	1	56	370
674371	674782	2	55	363
674535	674782	2	55	348
674535	674782	2	55	349
674535	674782	2	55	351
674535	674782	2	55	352
674535	674782	2	55	353
674535	674782	2	55	354
674535	674782	2	55	355
674535	674782	2	55	356
674535	674782	2	55	357
674535	674782	2	55	358
674535	674782	2	55	359
674535	674782	2	55	360
674535	674782	2	55	361
674535	674782	2	55	362
678322	678390	1	56	370
678693	678778	2	55	363
678693	678821	2	55	348
678693	678821	2	55	349
678693	678821	2	55	351
678693	678821	2	55	352
678693	678821	2	55	353
678693	678821	2	55	354
678693	678821	2	55	355
678693	678821	2	55	357
678693	678821	2	55	358
678693	678821	2	55	359
678693	678821	2	55	360
678693	678821	2	55	361
678693	678821	2	55	362
679687	679815	2	55	348
679687	679815	2	55	349
679687	679815	2	55	351
679687	679815	2	55	352
679687	679815	2	55	353
679687	679815	2	55	354
679687	679815	2	55	355
679687	679815	2	55	356
679687	679815	2	55	358
679687	679815	2	55	359
679687	679815	2	55	360
679687	679815	2	55	361
679687	679815	2	55	362
679881	680073	2	55	364
679977	680073	2	55	361
680962	681044	2	55	361
680962	681088	2	55	348
680962	681088	2	55	349
680962	681088	2	55	351
680962	681088	2	55	352
680962	681088	2	55	353
680962	681088	2	55	354
680962	681088	2	55	355
680962	681088	2	55	356
680962	681088	2	55	358
680962	681088	2	55	359
680962	681088	2	55	360
680962	681088	2	55	362
680962	681088	2	55	364
683575	684962	2	55	365
684897	684962	2	55	348
684897	684962	2	55	349
684897	684962	2	55	351
684897	684962	2	55	352
684897	684962	2	55	353
684897	684962	2	55	354
684897	684962	2	55	355
684897	684962	2	55	356
684897	684962	2	55	357
684897	684962	2	55	358
684897	684962	2	55	359
684897	684962	2	55	360
684897	684962	2	55	362
684897	684962	2	55	364
686857	686996	2	55	348
686857	686996	2	55	349
686857	686996	2	55	351
686857	686996	2	55	352
686857	686996	2	55	353
686857	686996	2	55	354
686857	686996	2	55	355
686857	686996	2	55	356
686857	686996	2	55	357
686857	686996	2	55	358
686857	686996	2	55	359
686857	686996	2	55	360
686857	686996	2	55	362
686857	686996	2	55	364
686857	686996	2	55	365
686920	686996	2	55	366
687910	687935	2	55	348
687910	688048	2	55	365
687910	688056	2	55	349
687910	688056	2	55	351
687910	688056	2	55	352
687910	688056	2	55	353
687910	688056	2	55	354
687910	688056	2	55	355
687910	688056	2	55	356
687910	688056	2	55	357
687910	688056	2	55	358
687910	688056	2	55	359
687910	688056	2	55	360
687910	688056	2	55	364
687910	688056	2	55	366
687910	688207	2	55	362
687911	688056	2	55	367
688330	688459	2	55	349
688330	688459	2	55	351
688330	688459	2	55	352
688330	688459	2	55	353
688330	688459	2	55	354
688330	688459	2	55	355
688330	688459	2	55	356
688330	688459	2	55	357
688330	688459	2	55	358
688330	688459	2	55	359
688330	688459	2	55	360
688330	688459	2	55	362
688330	688459	2	55	364
688330	688459	2	55	365
688330	688459	2	55	366
688330	688459	2	55	367
689662	689812	2	55	368
691500	691596	2	55	368
691500	691597	2	55	349
691500	691597	2	55	351
691500	691597	2	55	352
691500	691597	2	55	354
691500	691597	2	55	355
691500	691597	2	55	356
691500	691597	2	55	357
691500	691597	2	55	358
691500	691597	2	55	359
691500	691597	2	55	360
691500	691597	2	55	362
691500	691597	2	55	364
691500	691597	2	55	365
691500	691597	2	55	366
691500	691597	2	55	367
691500	691646	2	55	353
692249	692349	2	55	367
692543	692716	2	55	354
692543	693027	2	55	365
693488	693662	2	55	355
694437	694474	1	57	371
694678	694930	2	55	366
694758	694916	2	55	362
694758	695040	2	55	351
694758	695040	2	55	356
694758	695040	2	55	357
694758	695040	2	55	358
694758	695040	2	55	359
694758	695040	2	55	360
694758	695040	2	55	364
694758	695221	2	55	349
695590	695845	1	58	402
695642	695821	1	58	403
695795	695845	1	58	404
695801	695845	1	58	405
695804	695845	1	58	406
695815	695845	1	58	407
697485	697998	2	55	369
698868	698887	1	58	402
698868	698887	1	58	403
698868	698887	1	58	404
698868	698887	1	58	406
698868	698887	1	58	407
698868	700234	1	58	405
700141	700211	1	58	402
700141	700234	1	58	403
700141	700234	1	58	404
700141	700234	1	58	406
700141	700234	1	58	407
700614	700706	1	58	403
700614	700706	1	58	404
700614	700706	1	58	405
700614	700706	1	58	407
700614	701126	1	58	406
702944	703145	1	58	404
702944	703145	1	58	405
702944	704128	1	58	403
702944	704128	1	58	407
703006	703145	1	58	408
703674	704126	1	58	402
703781	704120	1	58	405
703799	704128	1	58	408
704441	705027	1	58	404
705216	705453	1	57	372
706116	706287	1	57	373
706119	706287	1	57	374
706140	706287	1	57	371
706140	706287	1	57	372
706200	706287	1	57	375
706202	706287	1	57	376
706215	706287	1	57	377
706223	706287	1	57	378
706230	706287	1	57	379
706230	706287	1	57	380
706230	706287	1	57	381
706236	706287	1	57	382
706241	706287	1	57	383
706571	706623	2	55	369
706571	707117	2	55	352
706594	706812	1	57	384
706595	706800	1	57	382
706615	706800	1	57	385
706628	706800	1	57	386
706673	706800	1	57	379
706676	706800	1	57	373
708563	709022	2	59	409
708574	708642	1	57	375
709329	709450	1	57	371
709329	709450	1	57	372
709329	709450	1	57	373
709329	709450	1	57	374
709329	709450	1	57	375
709329	709450	1	57	376
709329	709450	1	57	377
709329	709450	1	57	378
709329	709450	1	57	379
709329	709450	1	57	380
709329	709450	1	57	381
709329	709450	1	57	382
709329	709450	1	57	383
709329	709450	1	57	384
709329	709450	1	57	385
709329	709450	1	57	386
709367	709450	1	57	387
709552	709583	1	57	372
709552	709607	1	57	371
709552	709607	1	57	373
709552	709607	1	57	374
709552	709607	1	57	375
709552	709607	1	57	376
709552	709607	1	57	377
709552	709607	1	57	380
709552	709607	1	57	381
709552	709607	1	57	382
709552	709607	1	57	383
709552	709607	1	57	384
709552	709607	1	57	386
709552	709607	1	57	387
709552	709788	1	57	385
709552	709794	1	57	379
709552	710485	1	57	378
709559	709607	1	57	388
710027	710485	1	57	383
710304	710481	1	57	380
710356	710485	1	57	388
710421	710485	1	57	371
710421	710485	1	57	373
710421	710485	1	57	374
710421	710485	1	57	375
710421	710485	1	57	376
710421	710485	1	57	377
710421	710485	1	57	381
710421	710485	1	57	382
710421	710485	1	57	384
710421	710485	1	57	386
710421	710485	1	57	387
720061	720134	1	57	375
720061	720146	1	57	382
720061	720180	1	57	384
720061	720190	1	57	383
720061	720211	1	57	371
720061	720222	1	57	373
720061	720222	1	57	374
720061	720222	1	57	376
720061	720222	1	57	377
720061	720222	1	57	378
720061	720222	1	57	381
720061	720222	1	57	386
720061	720222	1	57	387
720061	720222	1	57	388
720548	720745	1	57	374
720548	720745	1	57	376
720548	720745	1	57	387
720596	720745	1	57	373
720596	720745	1	57	377
720596	720745	1	57	378
720596	720745	1	57	381
720596	720745	1	57	386
720596	720745	1	57	388
720605	720745	1	57	389
720829	720898	1	57	388
720829	720908	1	57	373
720829	720908	1	57	374
720829	720908	1	57	376
720829	720908	1	57	377
720829	720908	1	57	378
720829	720908	1	57	381
720829	720908	1	57	386
720829	720908	1	57	387
720829	720908	1	57	389
720971	721351	1	57	390
721018	721205	1	57	391
721063	721205	1	57	373
721063	721205	1	57	374
721063	721205	1	57	376
721063	721205	1	57	377
721063	721205	1	57	378
721063	721205	1	57	381
721063	721205	1	57	386
721063	721205	1	57	387
721063	721205	1	57	389
721072	721186	1	57	392
721074	721205	1	57	393
721084	721205	1	57	394
721281	721351	1	57	395
721284	721351	1	57	373
721284	721351	1	57	374
721284	721351	1	57	376
721284	721351	1	57	377
721284	721351	1	57	378
721284	721351	1	57	381
721284	721351	1	57	386
721284	721351	1	57	387
721284	721351	1	57	389
721284	721351	1	57	391
721284	721351	1	57	392
721284	721351	1	57	393
721284	721351	1	57	394
721564	721630	1	57	390
721564	721690	1	57	373
721564	721690	1	57	374
721564	721690	1	57	377
721564	721690	1	57	378
721564	721690	1	57	381
721564	721690	1	57	386
721564	721690	1	57	387
721564	721690	1	57	389
721564	721690	1	57	391
721564	721690	1	57	393
721564	721690	1	57	394
721564	721690	1	57	395
721564	721799	1	57	392
721564	722301	1	57	376
721902	721990	1	57	373
721902	721990	1	57	374
721902	721990	1	57	377
721902	721990	1	57	378
721902	721990	1	57	381
721902	721990	1	57	386
721902	721990	1	57	387
721902	721990	1	57	389
721902	721990	1	57	391
721902	721990	1	57	395
721925	722548	1	57	396
722090	722164	1	57	373
722090	722164	1	57	374
722090	722164	1	57	377
722090	722164	1	57	378
722090	722164	1	57	381
722090	722164	1	57	386
722090	722164	1	57	387
722090	722164	1	57	389
722090	722164	1	57	393
722090	722342	1	57	395
722400	722499	1	57	391
722400	722548	1	57	373
722400	722548	1	57	374
722400	722548	1	57	377
722400	722548	1	57	378
722400	722548	1	57	381
722400	722548	1	57	386
722400	722548	1	57	387
722400	722548	1	57	393
722400	722548	1	57	394
722400	722583	1	57	389
722672	722804	1	57	373
722672	722804	1	57	374
722672	722804	1	57	377
722672	722804	1	57	378
722672	722804	1	57	381
722672	722804	1	57	386
722672	722804	1	57	387
722672	722804	1	57	393
722672	722804	1	57	394
722672	722804	1	57	396
723240	723344	1	57	394
723240	723352	1	57	373
723240	723352	1	57	374
723240	723352	1	57	377
723240	723352	1	57	378
723240	723352	1	57	381
723240	723352	1	57	386
723240	723352	1	57	387
723240	723352	1	57	393
723240	723352	1	57	396
724561	724828	1	57	397
724723	724828	1	57	373
724723	724828	1	57	374
724723	724828	1	57	377
724723	724828	1	57	378
724723	724828	1	57	381
724723	724828	1	57	386
724723	724828	1	57	387
724723	724828	1	57	393
724723	724828	1	57	396
725727	725846	1	57	373
725727	725846	1	57	374
725727	725846	1	57	377
725727	725846	1	57	378
725727	725846	1	57	381
725727	725846	1	57	386
725727	725846	1	57	387
725727	725846	1	57	393
725727	725846	1	57	396
725727	725846	1	57	397
726080	726483	1	57	398
726097	726169	1	57	373
726097	726169	1	57	374
726097	726169	1	57	377
726097	726169	1	57	378
726097	726169	1	57	381
726097	726169	1	57	386
726097	726169	1	57	387
726097	726169	1	57	393
726097	726169	1	57	396
726097	726169	1	57	397
726303	726483	1	57	373
726303	726483	1	57	374
726303	726483	1	57	377
726303	726483	1	57	378
726303	726483	1	57	381
726303	726483	1	57	386
726303	726483	1	57	387
726303	726483	1	57	393
726303	726483	1	57	396
726303	726483	1	57	397
726560	726750	1	57	399
726618	726750	1	57	373
726618	726750	1	57	374
726618	726750	1	57	377
726618	726750	1	57	378
726618	726750	1	57	381
726618	726750	1	57	386
726618	726750	1	57	387
726618	726750	1	57	393
726618	726750	1	57	396
726618	726750	1	57	397
726618	726750	1	57	398
726626	726750	1	57	400
726900	727033	1	57	387
726900	727050	1	57	386
726900	727050	1	57	399
726900	727112	1	57	398
726900	727720	1	57	378
726900	727720	1	57	396
726900	727721	1	57	397
726900	727722	1	57	393
726900	727723	1	57	373
726900	727725	1	57	374
726900	727726	1	57	381
726953	727053	1	57	401
726975	727046	2	59	409
727356	727657	1	57	401
727356	727691	1	57	377
727356	727721	1	57	400
747414	747577	1	60	410
747416	747577	1	60	411
747427	747577	1	60	412
747453	747577	1	60	413
747463	747577	1	60	414
747463	747577	1	60	415
752263	752472	1	60	410
755743	756001	1	60	416
755878	756001	1	60	410
755878	756001	1	60	412
755878	756001	1	60	413
755878	756001	1	60	414
755878	756001	1	60	415
755878	756283	1	60	411
758949	759056	1	60	412
758949	759056	1	60	414
758949	759056	1	60	415
758949	759056	1	60	416
759008	759056	1	60	410
759008	759056	1	60	413
760121	760252	1	60	410
760121	760252	1	60	412
760121	760252	1	60	413
760121	760252	1	60	415
760121	760256	1	60	416
760121	760964	1	60	414
763343	763518	1	60	412
763343	763518	1	60	413
763343	763518	1	60	415
763343	763519	1	60	410
763746	763849	1	60	413
763746	763939	1	60	412
763746	763943	1	60	415
763981	764432	1	60	417
764287	764432	1	60	412
764287	764432	1	60	415
764369	764445	1	60	418
764812	764946	1	60	417
764812	765004	1	60	418
764812	765011	1	60	412
764812	765011	1	60	415
767219	767372	2	61	419
767221	767372	2	61	420
767221	767372	2	61	421
767221	770902	2	61	422
767224	770397	2	61	423
767227	767367	2	61	424
767227	767372	2	61	425
770313	770397	2	61	419
770313	770397	2	61	421
770469	770902	2	61	426
770549	771425	2	61	427
770678	770902	2	61	423
770697	770902	2	61	428
770811	770902	2	61	429
770811	770902	2	61	430
770843	771103	2	61	431
770992	771103	2	61	419
770992	771103	2	61	422
770992	771103	2	61	423
770992	771103	2	61	426
770992	771103	2	61	428
770992	771103	2	61	430
770992	771211	2	61	429
771034	771103	2	61	432
771332	771369	2	61	431
771332	771425	2	61	420
771332	771425	2	61	421
771332	771425	2	61	422
771332	771425	2	61	423
771332	771425	2	61	424
771332	771425	2	61	426
771332	771425	2	61	428
771332	771425	2	61	429
771332	771425	2	61	430
771332	771425	2	61	432
771332	771426	2	61	419
771332	771466	2	61	425
772426	772520	2	61	420
772426	772520	2	61	421
772426	772520	2	61	422
772426	772520	2	61	423
772426	772520	2	61	424
772426	772520	2	61	425
772426	772520	2	61	426
772426	772520	2	61	427
772426	772520	2	61	429
772426	772520	2	61	430
772426	772520	2	61	432
772426	772613	2	61	428
773329	773628	2	61	433
773427	773628	2	61	430
773521	773628	2	61	420
773521	773628	2	61	421
773521	773628	2	61	422
773521	773628	2	61	424
773521	773628	2	61	425
773521	773628	2	61	427
773521	773628	2	61	429
773521	773628	2	61	432
774007	774025	2	61	424
774007	774067	2	61	420
774007	774112	2	61	421
774007	774112	2	61	422
774007	774112	2	61	423
774007	774112	2	61	425
774007	774112	2	61	426
774007	774112	2	61	427
774007	774112	2	61	429
774007	774112	2	61	430
774007	774112	2	61	432
774007	774112	2	61	433
775064	775141	2	61	434
775065	775141	2	61	421
775065	775141	2	61	422
775065	775141	2	61	423
775065	775141	2	61	425
775065	775141	2	61	426
775065	775141	2	61	430
775065	775141	2	61	433
776679	777178	2	61	434
777398	777470	2	61	421
777398	777474	2	61	426
777398	777482	2	61	429
777398	777482	2	61	430
777398	777483	2	61	432
777398	777483	2	61	433
777398	777484	2	61	427
777398	777486	2	61	422
777398	777486	2	61	425
777398	777487	2	61	423
777573	777694	1	62	435
777577	777694	1	62	436
777581	777694	1	62	437
777591	777694	1	62	438
777607	777694	1	62	439
778112	778217	1	62	439
778112	778284	1	62	436
778112	778714	1	62	437
779616	780754	1	63	440
781644	781749	1	64	441
781927	782104	1	64	441
783529	783670	1	62	438
783529	783670	1	62	439
783529	785230	1	62	435
784023	784296	1	62	439
784023	784297	1	62	438
787114	788657	2	65	442
788177	788564	2	65	443
790029	790089	2	65	442
790029	790112	2	65	443
790474	792067	2	66	444
790474	792067	2	66	445
791643	792067	2	66	446
792022	792067	2	66	447
792141	792216	2	66	444
792141	792216	2	66	445
792141	792216	2	66	446
792141	792216	2	66	447
792303	792457	2	66	444
792303	792457	2	66	445
792303	792457	2	66	446
792303	792457	2	66	447
792304	792457	2	66	448
792361	792457	2	66	449
792444	792457	2	66	450
792454	792457	2	66	451
792552	792726	2	66	444
792552	792726	2	66	445
792552	792726	2	66	446
792552	792726	2	66	447
792552	792726	2	66	448
792552	792726	2	66	449
792552	792726	2	66	450
792552	792726	2	66	451
792569	792726	2	66	452
792608	792726	2	66	453
792615	792726	2	66	454
792655	792726	2	66	455
792671	792726	2	66	456
792720	792726	2	66	457
792869	792987	2	66	444
792869	792987	2	66	445
792869	792987	2	66	446
792869	792987	2	66	447
792869	792987	2	66	448
792869	792987	2	66	449
792869	792987	2	66	450
792869	792987	2	66	451
792869	792987	2	66	452
792869	792987	2	66	453
792869	792987	2	66	454
792869	792987	2	66	455
792869	792987	2	66	456
792869	792987	2	66	457
792878	792987	2	66	458
792899	792987	2	66	459
792921	792987	2	66	460
792928	792987	2	66	461
792937	792987	2	66	462
792971	792987	2	66	463
793477	793618	2	66	464
793528	793618	2	66	444
793528	793618	2	66	445
793528	793618	2	66	446
793528	793618	2	66	447
793528	793618	2	66	448
793528	793618	2	66	450
793528	793618	2	66	451
793528	793618	2	66	452
793528	793618	2	66	453
793528	793618	2	66	454
793528	793618	2	66	455
793528	793618	2	66	456
793528	793618	2	66	457
793528	793618	2	66	458
793528	793618	2	66	459
793528	793618	2	66	460
793528	793618	2	66	461
793528	793618	2	66	462
793528	793618	2	66	463
793528	793688	2	66	449
793529	793618	2	66	465
793576	793618	2	66	466
793586	793618	2	66	467
793904	794512	2	66	468
794260	794512	2	66	469
794368	794512	2	66	470
794402	794512	2	66	471
794405	794512	2	66	472
794452	794512	2	66	454
794452	794512	2	66	457
794452	794512	2	66	460
794452	794512	2	66	466
794453	794512	2	66	473
794457	794512	2	66	444
794457	794512	2	66	445
794457	794512	2	66	446
794457	794512	2	66	448
794457	794512	2	66	451
794457	794512	2	66	452
794457	794512	2	66	453
794457	794512	2	66	455
794457	794512	2	66	456
794457	794512	2	66	458
794457	794512	2	66	459
794457	794512	2	66	461
794457	794512	2	66	462
794457	794512	2	66	463
794457	794512	2	66	464
794457	794512	2	66	465
794457	794512	2	66	467
794457	794587	2	66	447
794462	794512	2	66	474
794469	794512	2	66	450
794775	794900	2	66	444
794775	794900	2	66	445
794775	794900	2	66	446
794775	794900	2	66	447
794775	794900	2	66	448
794775	794900	2	66	450
794775	794900	2	66	451
794775	794900	2	66	452
794775	794900	2	66	453
794775	794900	2	66	454
794775	794900	2	66	455
794775	794900	2	66	456
794775	794900	2	66	457
794775	794900	2	66	458
794775	794900	2	66	459
794775	794900	2	66	460
794775	794900	2	66	461
794775	794900	2	66	462
794775	794900	2	66	463
794775	794900	2	66	464
794775	794900	2	66	465
794775	794900	2	66	466
794775	794900	2	66	467
794775	794900	2	66	468
794775	794900	2	66	469
794775	794900	2	66	470
794775	794900	2	66	471
794775	794900	2	66	472
794775	794900	2	66	473
794775	794900	2	66	474
794986	795163	2	66	450
794986	795163	2	66	459
794986	795163	2	66	461
794986	795163	2	66	467
794986	795163	2	66	472
794986	795163	2	66	473
794986	795168	2	66	444
794986	795168	2	66	445
794986	795168	2	66	446
794986	795168	2	66	451
794986	795168	2	66	452
794986	795168	2	66	453
794986	795168	2	66	454
794986	795168	2	66	455
794986	795168	2	66	456
794986	795168	2	66	457
794986	795168	2	66	458
794986	795168	2	66	460
794986	795168	2	66	462
794986	795168	2	66	463
794986	795168	2	66	464
794986	795168	2	66	465
794986	795168	2	66	466
794986	795168	2	66	468
794986	795168	2	66	470
794986	795168	2	66	471
794986	795168	2	66	474
794986	795174	2	66	447
794986	795192	2	66	469
794986	795285	2	66	448
795263	795362	2	66	458
795339	795363	2	66	459
795339	795393	2	66	460
795339	795418	2	66	470
795339	795418	2	66	472
795339	795437	2	66	462
795408	795469	2	66	451
795512	795676	2	66	467
795512	795704	2	66	456
796042	796199	2	66	471
796042	796214	2	66	473
796042	796236	2	66	466
796042	796239	2	66	461
796042	796262	2	66	444
796042	796366	2	66	474
796086	796184	2	66	455
796107	796202	2	66	463
796113	796236	2	66	465
796203	796249	2	66	453
796203	796254	2	66	468
797510	799189	1	67	475
797611	797994	2	66	446
797611	797997	2	66	454
797891	797996	2	66	452
798216	798266	2	66	474
798216	798268	2	66	464
798216	798269	2	66	457
798216	798270	2	66	450
798216	798280	2	66	445
799178	799564	2	68	476
799179	799564	2	68	477
799183	799564	2	68	478
799183	799564	2	68	479
799184	799564	2	68	480
799184	799564	2	68	482
799184	800243	2	68	481
799194	799564	2	68	483
799325	799473	2	68	484
799814	800013	2	68	476
799814	800013	2	68	477
799814	800013	2	68	478
799814	800013	2	68	479
799814	800013	2	68	480
799814	800243	2	68	482
799814	800243	2	68	483
800130	800243	2	68	476
800130	800243	2	68	477
800130	800243	2	68	478
800130	800243	2	68	479
800130	800243	2	68	480
800332	800450	2	68	476
800332	800450	2	68	477
800332	800450	2	68	479
800332	800450	2	68	482
800332	800450	2	68	483
800383	800450	2	68	478
800383	800450	2	68	480
800383	800450	2	68	481
800542	800665	2	68	476
800542	800665	2	68	477
800542	800665	2	68	478
800542	800665	2	68	479
800542	800665	2	68	480
800542	800665	2	68	481
800542	800665	2	68	482
800542	800665	2	68	483
800761	800911	2	68	476
800761	800911	2	68	477
800761	800911	2	68	478
800761	800911	2	68	479
800761	800911	2	68	480
800761	800911	2	68	483
800761	801119	2	68	481
800761	801119	2	68	482
800984	801119	2	68	477
800984	801119	2	68	478
800984	801119	2	68	479
800984	801119	2	68	483
801001	801119	2	68	480
801017	801119	2	68	476
801217	801364	2	68	476
801217	801364	2	68	477
801217	801364	2	68	478
801217	801364	2	68	479
801217	801364	2	68	480
801217	801364	2	68	481
801217	801364	2	68	482
801217	801364	2	68	483
801335	801364	2	68	484
801444	801623	2	68	476
801444	801623	2	68	477
801444	801623	2	68	478
801444	801623	2	68	479
801444	801623	2	68	480
801444	801623	2	68	482
801444	801623	2	68	483
801444	801623	2	68	484
801444	802089	2	68	481
801964	802085	2	68	484
801964	802089	2	68	476
801964	802089	2	68	477
801964	802089	2	68	478
801964	802089	2	68	479
801964	802089	2	68	480
801964	802089	2	68	482
801964	802089	2	68	483
802194	802395	2	68	476
802194	802395	2	68	477
802194	802395	2	68	478
802194	802395	2	68	479
802194	802395	2	68	480
802194	802395	2	68	481
802194	802395	2	68	482
802194	802395	2	68	483
802322	802375	2	68	485
802542	802596	2	68	476
802542	802596	2	68	477
802542	802596	2	68	478
802542	802596	2	68	479
802542	802596	2	68	480
802542	802596	2	68	481
802542	802596	2	68	482
802542	802596	2	68	483
802542	802596	2	68	485
802681	802749	2	68	480
802681	802853	2	68	483
802681	802890	2	68	476
802681	802890	2	68	478
802681	802890	2	68	479
802681	803148	2	68	485
802681	803646	2	68	477
802681	804462	2	68	481
802681	804462	2	68	482
803173	803586	2	68	478
803173	803586	2	68	479
803173	803646	2	68	476
803173	803646	2	68	483
804093	804462	2	68	479
804093	804462	2	68	483
804093	804468	2	68	478
804093	804674	2	68	476
804093	805102	2	68	477
805178	805229	2	68	481
805178	805230	2	68	479
805776	806094	2	68	486
809411	809459	2	68	483
809411	809498	2	68	482
809411	809752	2	68	486
809964	810047	1	69	487
809966	810038	1	69	488
809983	810356	1	69	489
810002	810356	1	69	490
810233	810356	1	69	488
810268	810320	1	69	491
810397	810496	1	69	492
811371	811644	1	69	493
811596	811644	1	69	487
811596	811644	1	69	488
811596	811644	1	69	489
811596	811644	1	69	491
811596	811644	1	69	492
811596	811838	1	69	490
811680	811813	1	70	495
812078	812632	1	69	494
812534	812632	1	69	487
812534	812632	1	69	488
812534	812632	1	69	489
812534	812632	1	69	491
812534	812632	1	69	492
812534	812632	1	69	493
812759	812849	1	69	494
812759	812860	1	69	492
812759	812870	1	69	491
812759	812873	1	69	489
812759	812874	1	69	493
812759	812875	1	69	488
812759	812879	1	69	487
818913	818957	1	71	496
819573	819904	1	71	496
820834	821859	1	71	497
821627	821859	1	71	496
821773	821859	1	71	498
821957	822022	1	71	496
821957	822022	1	71	497
821957	822257	1	71	498
822015	822605	1	71	499
822396	822605	1	71	496
822396	822605	1	71	497
823526	823571	1	71	499
823526	823586	1	71	496
823526	824129	1	71	497
823542	823586	1	71	500
823633	823862	2	72	502
823647	823854	1	71	501
823655	823862	2	72	503
823693	823854	1	71	496
823693	824129	1	71	500
823997	824129	1	71	496
823997	824129	1	71	501
824313	824435	1	71	496
824313	824435	1	71	497
824313	824435	1	71	500
824313	824436	1	71	501
824389	824644	2	72	503
824522	825217	1	71	500
824522	825218	1	71	497
824522	825572	1	71	496
826143	826265	1	73	504
826145	826265	1	73	505
826156	826265	1	73	506
827247	827458	1	73	507
827279	827458	1	73	508
827295	827317	1	73	509
827577	827710	1	73	510
827918	828771	1	73	511
828229	828258	1	73	508
828229	828771	1	73	505
828229	828771	1	73	506
828259	828710	1	73	504
828259	828765	1	73	509
828259	828771	1	73	507
828259	828771	1	73	510
828259	828771	1	73	512
828466	828771	1	73	513
828574	828771	1	73	508
828851	828928	1	73	505
828851	828949	1	73	507
828851	828962	1	73	510
828851	828962	1	73	511
828851	828962	1	73	512
828851	829069	1	73	508
828851	829182	1	73	513
828851	829351	1	73	506
829296	829539	1	73	514
829304	829539	1	73	515
829306	831294	1	73	516
829359	829539	1	73	510
829359	829539	1	73	511
829359	829539	1	73	512
829359	829554	1	73	513
829967	830131	1	73	514
829985	830131	1	73	510
829985	830131	1	73	511
829985	830131	1	73	512
829985	830131	1	73	515
830249	830336	1	73	510
830249	830336	1	73	511
830249	830336	1	73	512
830249	830336	1	73	514
830249	830712	1	73	515
830484	830712	1	73	517
830564	830697	2	72	502
830620	830712	1	73	510
830620	830712	1	73	511
830620	830712	1	73	512
830620	831294	1	73	514
830865	831031	1	73	511
830865	831031	1	73	517
830865	831294	1	73	515
831223	831294	1	73	510
831223	831294	1	73	511
831223	831294	1	73	512
831223	831294	1	73	517
831534	831779	1	73	517
831534	831984	1	73	514
831534	831984	1	73	515
831534	831984	1	73	516
831534	831985	1	73	510
831534	831985	1	73	511
831534	831990	1	73	512
832711	832882	2	72	502
832886	833025	1	74	518
832931	833025	1	74	519
832951	833021	1	74	523
832951	833025	1	74	520
832951	833025	1	74	521
832951	833025	1	74	522
832957	833021	1	74	524
832960	833021	1	74	526
832960	833025	1	74	525
832968	833021	1	74	527
832985	833025	1	74	528
832985	833025	1	74	529
832985	833025	1	74	530
832991	833025	1	74	531
832993	833025	1	74	532
832996	833025	1	74	533
833008	833021	1	74	534
833987	834066	1	74	518
834457	834590	1	74	529
834529	834590	1	74	518
834529	834590	1	74	519
834529	834590	1	74	521
834529	834590	1	74	523
834529	834590	1	74	526
834529	834590	1	74	527
834529	834590	1	74	530
834529	834590	1	74	531
834529	834590	1	74	534
834529	834744	1	74	524
834529	834744	1	74	532
834529	834802	1	74	528
834535	834590	1	74	535
834871	835138	1	74	536
835019	835138	1	74	527
835193	835323	1	74	537
835550	836152	1	74	538
836062	836152	1	74	518
836062	836152	1	74	519
836062	836152	1	74	521
836062	836152	1	74	522
836062	836152	1	74	523
836062	836152	1	74	524
836062	836152	1	74	525
836062	836152	1	74	526
836062	836152	1	74	527
836062	836152	1	74	528
836062	836152	1	74	529
836062	836152	1	74	531
836062	836152	1	74	532
836062	836152	1	74	533
836062	836152	1	74	534
836062	836152	1	74	535
836062	836152	1	74	536
836062	836152	1	74	537
836062	836479	1	74	520
836062	836538	1	74	530
836250	836359	1	74	538
836250	836404	1	74	528
836250	836411	1	74	524
836250	836435	1	74	536
836250	836441	1	74	518
836250	836441	1	74	519
836250	836441	1	74	521
836250	836441	1	74	522
836250	836441	1	74	523
836250	836441	1	74	525
836250	836441	1	74	527
836250	836441	1	74	532
836250	836441	1	74	534
836250	836441	1	74	535
836250	836441	1	74	537
836250	836524	1	74	529
836250	836842	1	74	526
836250	836842	1	74	531
836250	837022	1	74	533
836768	836842	1	74	518
836768	836842	1	74	519
836768	836842	1	74	521
836768	836842	1	74	522
836768	836842	1	74	523
836768	836842	1	74	527
836768	836842	1	74	532
836768	836842	1	74	534
836768	836842	1	74	535
836768	836842	1	74	537
836802	837353	1	74	539
837228	837237	1	74	519
837249	837353	1	74	518
837249	837353	1	74	521
837249	837353	1	74	522
837249	837353	1	74	523
837249	837353	1	74	525
837249	837353	1	74	526
837249	837353	1	74	527
837249	837353	1	74	531
837249	837353	1	74	532
837249	837353	1	74	534
837249	837353	1	74	535
837249	837353	1	74	537
837355	837604	2	75	541
837459	837512	1	74	537
837459	837530	1	74	527
837459	837543	1	74	532
837459	837611	1	74	535
837459	837612	1	74	525
837459	837617	1	74	518
837459	837617	1	74	521
837459	837617	1	74	522
837459	837617	1	74	523
837459	837617	1	74	526
837459	837617	1	74	531
837459	837617	1	74	534
837459	837617	1	74	539
837941	838015	1	74	539
837941	838016	1	74	518
837941	838027	1	74	521
837941	838027	1	74	522
837941	838027	1	74	523
837941	838027	1	74	526
837941	838027	1	74	531
837941	838027	1	74	534
837941	838027	1	74	535
838132	838366	1	74	534
838132	838797	1	74	535
838132	838829	1	74	526
838132	838830	1	74	521
838132	838833	1	74	522
838132	838834	1	74	523
838132	838834	1	74	531
838179	838366	1	74	540
838444	838830	1	74	534
839655	839830	1	74	540
839720	840479	2	75	542
840261	840479	2	75	541
842413	842528	2	75	541
842413	842528	2	75	542
842811	842914	1	76	543
842823	842914	1	76	544
842851	842914	1	76	545
842940	843049	1	76	546
843314	843728	1	76	547
843338	843668	1	76	548
844080	844185	1	76	549
844116	844185	1	76	550
844152	844185	1	76	551
844445	844586	1	76	552
847169	847299	1	76	547
847196	847299	1	76	553
847196	847299	1	76	554
847196	847299	1	76	555
847196	847299	1	76	556
847196	847299	1	76	557
847200	847299	1	76	544
847200	847299	1	76	545
847200	847299	1	76	546
847200	847299	1	76	548
847200	847299	1	76	549
847200	847299	1	76	551
847200	847299	1	76	552
848809	848932	1	76	558
849815	850366	1	76	559
850287	850366	1	76	543
850287	850366	1	76	545
850287	850366	1	76	546
850287	850366	1	76	547
850287	850366	1	76	549
850287	850366	1	76	550
850287	850366	1	76	552
850287	850366	1	76	553
850287	850366	1	76	554
850287	850366	1	76	555
850287	850366	1	76	556
850287	850366	1	76	557
850287	850366	1	76	558
856879	858690	2	77	563
859546	859794	2	77	563
862296	862328	1	76	560
862344	862740	1	76	561
862549	862740	1	76	543
862549	862740	1	76	544
862549	862740	1	76	545
862549	862740	1	76	546
862549	862740	1	76	547
862549	862740	1	76	548
862549	862740	1	76	549
862549	862740	1	76	550
862549	862740	1	76	551
862549	862740	1	76	552
862549	862740	1	76	556
862549	862740	1	76	558
862549	862740	1	76	559
862549	862833	1	76	553
862549	864351	1	76	560
863271	864510	1	76	562
864436	864510	1	76	543
864436	864510	1	76	544
864436	864510	1	76	545
864436	864510	1	76	546
864436	864510	1	76	548
864436	864510	1	76	549
864436	864510	1	76	550
864436	864510	1	76	551
864436	864510	1	76	552
864436	864510	1	76	555
864436	864510	1	76	556
864436	864510	1	76	558
864436	864510	1	76	559
864436	864510	1	76	560
864436	864510	1	76	561
864436	864652	1	76	554
864436	865824	1	76	557
865512	865613	1	76	543
865512	865613	1	76	544
865512	865613	1	76	545
865512	865613	1	76	546
865512	865613	1	76	548
865512	865613	1	76	549
865512	865613	1	76	550
865512	865613	1	76	551
865512	865613	1	76	552
865512	865613	1	76	555
865512	865613	1	76	558
865512	865613	1	76	559
865512	865613	1	76	560
865512	865613	1	76	561
865512	865824	1	76	562
865693	865752	1	76	548
865693	865824	1	76	543
865693	865824	1	76	544
865693	865824	1	76	545
865693	865824	1	76	546
865693	865824	1	76	549
865693	865824	1	76	550
865693	865824	1	76	551
865693	865824	1	76	552
865693	865824	1	76	555
865693	865824	1	76	556
865693	865824	1	76	558
865693	865824	1	76	559
865693	865824	1	76	560
865693	865824	1	76	561
865917	865941	1	76	555
865917	866000	1	76	543
865917	866000	1	76	544
865917	866000	1	76	545
865917	866000	1	76	546
865917	866000	1	76	549
865917	866000	1	76	550
865917	866000	1	76	551
865917	866000	1	76	552
865917	866000	1	76	556
865917	866000	1	76	557
865917	866000	1	76	558
865917	866000	1	76	559
865917	866000	1	76	560
865917	866000	1	76	562
866561	866675	1	76	551
866561	866775	1	76	556
866561	866816	1	76	543
866561	866856	1	76	550
866561	867108	1	76	557
866561	867108	1	76	560
866561	867110	1	76	545
866561	867110	1	76	558
866561	867110	1	76	559
866561	867110	1	76	562
866561	867115	1	76	544
866561	867115	1	76	546
866561	867115	1	76	549
866561	867115	1	76	552
867858	869955	2	78	564
867859	869955	2	78	565
867859	869955	2	78	566
868394	868670	2	78	567
868394	868670	2	78	568
868398	868670	2	78	569
869213	869344	2	78	567
869213	869955	2	78	569
869761	869955	2	78	570
869762	869955	2	78	571
869766	869955	2	78	572
869779	869955	2	78	573
869857	869955	2	78	567
869857	869955	2	78	568
870120	870162	2	78	564
870120	870162	2	78	565
870120	870162	2	78	566
870120	870162	2	78	567
870120	870162	2	78	568
870120	870162	2	78	569
870120	870162	2	78	570
870120	870162	2	78	571
870120	870162	2	78	572
870120	870162	2	78	573
870121	870162	2	78	574
870418	870485	2	78	567
870418	870488	2	78	575
870418	870498	2	78	564
870418	870498	2	78	565
870418	870498	2	78	566
870418	870498	2	78	568
870418	870498	2	78	569
870418	870498	2	78	570
870418	870498	2	78	571
870418	870498	2	78	572
870418	870498	2	78	574
870418	870750	2	78	573
874721	874909	2	78	576
882327	882514	2	78	577
882979	883302	2	78	578
883145	883302	2	78	579
883147	883177	2	78	569
883147	883248	2	78	568
883147	883278	2	78	576
883147	883302	2	78	564
883147	883302	2	78	565
883147	883302	2	78	566
883147	883302	2	78	570
883147	883302	2	78	571
883147	883302	2	78	572
883147	883302	2	78	575
883147	883302	2	78	577
883199	883302	2	78	574
884067	884150	2	78	578
884067	884162	2	78	574
884067	884168	2	78	564
884067	884168	2	78	565
884067	884168	2	78	566
884067	884168	2	78	570
884067	884168	2	78	571
884067	884168	2	78	572
884067	884168	2	78	577
884067	884168	2	78	579
884067	884168	2	78	580
893426	893472	2	78	579
893426	893518	2	78	564
893426	893518	2	78	565
893426	893518	2	78	566
893426	893518	2	78	571
893426	893518	2	78	572
893426	893518	2	78	575
893426	893518	2	78	577
893426	893518	2	78	580
899339	899400	2	78	564
899339	899400	2	78	565
899339	899400	2	78	566
899339	899400	2	78	570
899339	899400	2	78	571
899339	899400	2	78	572
899339	899400	2	78	575
899339	899400	2	78	577
899339	899400	2	78	580
899352	899400	2	78	581
900003	900109	2	78	564
900003	900109	2	78	565
900003	900109	2	78	566
900003	900109	2	78	570
900003	900109	2	78	571
900003	900109	2	78	572
900003	900109	2	78	575
900003	900109	2	78	577
900003	900109	2	78	580
900003	900109	2	78	581
900935	900979	2	78	564
900935	900979	2	78	565
900935	900979	2	78	566
900935	900979	2	78	570
900935	900979	2	78	571
900935	900979	2	78	572
900935	900979	2	78	575
900935	900979	2	78	577
900935	900979	2	78	580
900935	900979	2	78	581
902147	902329	2	78	580
902196	902329	2	78	582
902197	902321	2	78	577
902197	902329	2	78	564
902197	902329	2	78	565
902197	902329	2	78	566
902197	902329	2	78	570
902197	902329	2	78	571
902197	902329	2	78	572
902197	902329	2	78	575
902197	902329	2	78	581
902225	902329	2	78	579
902234	902329	2	78	583
902244	902329	2	78	584
902961	903110	2	78	564
902961	903110	2	78	565
902961	903110	2	78	566
902961	903110	2	78	570
902961	903110	2	78	571
902961	903110	2	78	572
902961	903110	2	78	575
902961	903110	2	78	579
902961	903110	2	78	580
902961	903110	2	78	581
902961	903110	2	78	582
902961	903110	2	78	583
902961	903110	2	78	584
902970	903110	2	78	585
903655	903752	2	78	581
903703	903777	2	78	565
903703	903777	2	78	571
904700	904858	2	78	586
904705	904815	2	78	565
904705	904858	2	78	564
904705	904858	2	78	566
904705	904858	2	78	570
904705	904858	2	78	571
904705	904858	2	78	572
904705	904858	2	78	579
904705	904858	2	78	580
904705	904858	2	78	581
904705	904858	2	78	582
904705	904858	2	78	583
904705	904858	2	78	584
904705	904858	2	78	585
904705	904863	2	78	575
904736	904858	2	78	587
908214	908295	2	78	585
908541	908644	2	78	572
908541	908644	2	78	581
908541	908644	2	78	583
908541	908644	2	78	585
908541	908658	2	78	579
908541	908663	2	78	580
910640	910790	2	78	581
910640	910820	2	78	584
910774	910809	2	78	564
910774	910809	2	78	571
910774	910815	2	78	585
910774	910830	2	78	572
910774	910834	2	78	570
914303	914773	2	78	587
914522	914800	2	78	586
914744	915057	2	78	566
914744	915057	2	78	582
914746	914819	2	78	583
924880	924936	1	79	588
925808	926087	1	79	589
925869	926087	1	79	590
925869	926087	1	79	591
925871	925999	1	79	592
925879	926087	1	79	593
925899	926087	1	79	594
925899	926087	1	79	595
925899	926087	1	79	596
925899	926087	1	79	597
925944	926087	1	79	598
932686	932776	1	79	599
933554	933596	1	79	600
940734	940893	1	79	601
942278	942393	1	79	602
943099	943313	1	79	603
946460	946962	1	79	604
948420	948523	1	80	624
956785	956981	1	79	590
959436	959504	1	79	588
959436	959504	1	79	589
959436	959504	1	79	590
959436	959504	1	79	591
959436	959504	1	79	593
959436	959504	1	79	594
959436	959504	1	79	595
959436	959504	1	79	596
959436	959504	1	79	597
959436	959504	1	79	598
959436	959504	1	79	599
959436	959504	1	79	600
959436	959504	1	79	601
959436	959504	1	79	602
959436	959504	1	79	603
959436	959504	1	79	604
970168	970310	1	79	588
970168	970310	1	79	589
970168	970310	1	79	590
970168	970310	1	79	591
970168	970310	1	79	593
970168	970310	1	79	594
970168	970310	1	79	595
970168	970310	1	79	596
970168	970310	1	79	597
970168	970310	1	79	599
970168	970310	1	79	600
970168	970310	1	79	601
970168	970310	1	79	602
970168	970310	1	79	603
970168	970310	1	79	604
972061	972254	1	79	588
972061	972254	1	79	589
972061	972254	1	79	590
972061	972254	1	79	591
972061	972254	1	79	593
972061	972254	1	79	594
972061	972254	1	79	595
972061	972254	1	79	596
972061	972254	1	79	597
972061	972254	1	79	599
972061	972254	1	79	600
972061	972254	1	79	601
972061	972254	1	79	602
972061	972254	1	79	603
972061	972254	1	79	604
972217	972254	1	79	592
977094	977223	1	79	588
977094	977223	1	79	589
977094	977223	1	79	590
977094	977223	1	79	591
977094	977223	1	79	592
977094	977223	1	79	593
977094	977223	1	79	594
977094	977223	1	79	595
977094	977223	1	79	596
977094	977223	1	79	597
977094	977223	1	79	599
977094	977223	1	79	600
977094	977223	1	79	601
977094	977223	1	79	602
977094	977223	1	79	603
977094	977223	1	79	604
981197	981298	1	79	588
981197	981298	1	79	589
981197	981298	1	79	590
981197	981298	1	79	591
981197	981298	1	79	592
981197	981298	1	79	593
981197	981298	1	79	594
981197	981298	1	79	595
981197	981298	1	79	596
981197	981298	1	79	597
981197	981298	1	79	599
981197	981298	1	79	600
981197	981298	1	79	601
981197	981298	1	79	602
981197	981298	1	79	603
981197	981298	1	79	604
984190	984752	1	79	605
984644	984752	1	79	588
984644	984752	1	79	589
984644	984752	1	79	590
984644	984752	1	79	591
984644	984752	1	79	592
984644	984752	1	79	593
984644	984752	1	79	594
984644	984752	1	79	595
984644	984752	1	79	596
984644	984752	1	79	597
984644	984752	1	79	599
984644	984752	1	79	600
984644	984752	1	79	601
984644	984752	1	79	602
984644	984752	1	79	603
984644	984752	1	79	604
985383	985581	1	79	606
985431	985581	1	79	589
985431	985581	1	79	594
985431	985581	1	79	605
985434	985476	1	79	592
985434	985581	1	79	591
985434	985581	1	79	593
985434	985581	1	79	595
985434	985581	1	79	596
985434	985581	1	79	597
985537	985581	1	79	607
986784	986845	1	79	606
986784	986952	1	79	589
986784	986952	1	79	591
986784	986952	1	79	594
986784	986952	1	79	595
986784	986952	1	79	596
986784	986952	1	79	597
986784	986952	1	79	607
986784	987096	1	79	605
988551	988688	1	79	589
988551	988688	1	79	591
988551	988688	1	79	594
988551	988688	1	79	595
988551	988688	1	79	596
988551	988688	1	79	597
988551	988826	1	79	607
991992	992684	1	79	608
992502	992684	1	79	589
992502	992684	1	79	591
992502	992684	1	79	594
992502	992684	1	79	595
992502	992684	1	79	596
992502	992684	1	79	597
993283	993380	1	79	589
993283	993380	1	79	591
993283	993380	1	79	594
993283	993380	1	79	595
993283	993380	1	79	596
993283	993380	1	79	597
993283	993380	1	79	608
993753	993824	1	79	608
993753	993984	1	79	589
993753	993984	1	79	591
993753	993984	1	79	594
993753	993984	1	79	595
993753	993984	1	79	596
993753	993984	1	79	597
993862	993984	1	79	598
994071	994244	1	79	589
994071	994244	1	79	591
994071	994244	1	79	594
994071	994244	1	79	595
994071	994244	1	79	596
994071	994244	1	79	597
994071	994244	1	79	598
996063	996224	1	79	609
1000431	1000597	1	79	589
1000431	1000597	1	79	591
1000431	1000597	1	79	598
1000431	1000597	1	79	609
1000562	1000597	1	79	610
1001325	1001443	1	79	611
1001645	1003803	1	79	612
1002767	1003803	1	79	613
1003236	1003803	1	79	614
1003721	1003803	1	79	589
1003721	1003803	1	79	591
1003721	1003803	1	79	594
1003721	1003803	1	79	595
1003721	1003803	1	79	596
1003721	1003803	1	79	597
1003721	1003803	1	79	598
1003721	1003803	1	79	609
1003721	1003803	1	79	610
1003721	1003803	1	79	611
1003731	1003803	1	79	615
1004784	1006616	1	79	616
1005287	1006616	1	79	617
1006274	1009215	1	79	618
1006464	1009215	1	79	619
1006527	1006616	1	79	589
1006527	1006616	1	79	591
1006527	1006616	1	79	594
1006527	1006616	1	79	595
1006527	1006616	1	79	596
1006527	1006616	1	79	597
1006527	1006616	1	79	609
1006527	1006616	1	79	610
1006527	1006616	1	79	611
1006527	1006616	1	79	612
1006527	1006616	1	79	613
1006527	1006616	1	79	614
1006527	1007039	1	79	615
1006543	1006616	1	79	620
1006988	1008134	1	79	621
1008011	1008134	1	79	589
1008011	1008134	1	79	591
1008011	1008134	1	79	594
1008011	1008134	1	79	595
1008011	1008134	1	79	596
1008011	1008134	1	79	597
1008011	1008134	1	79	609
1008011	1008134	1	79	610
1008011	1008134	1	79	611
1008011	1008134	1	79	612
1008011	1008134	1	79	613
1008011	1008134	1	79	614
1008011	1008134	1	79	616
1008011	1008281	1	79	620
1008013	1008134	1	79	617
1008080	1008134	1	79	622
1009027	1009215	1	79	610
1009027	1009215	1	79	613
1009099	1009215	1	79	589
1009099	1009215	1	79	591
1009099	1009215	1	79	594
1009099	1009215	1	79	595
1009099	1009215	1	79	596
1009099	1009215	1	79	597
1009099	1009215	1	79	609
1009099	1009215	1	79	611
1009099	1009215	1	79	612
1009099	1009215	1	79	614
1009099	1009215	1	79	616
1009099	1009215	1	79	617
1009099	1009215	1	79	621
1009099	1009215	1	79	622
1009283	1009396	1	79	623
1009327	1009365	1	79	611
1009327	1009396	1	79	589
1009327	1009396	1	79	591
1009327	1009396	1	79	594
1009327	1009396	1	79	595
1009327	1009396	1	79	596
1009327	1009396	1	79	597
1009327	1009396	1	79	610
1009327	1009396	1	79	612
1009327	1009396	1	79	613
1009327	1009396	1	79	614
1009327	1009396	1	79	616
1009327	1009396	1	79	617
1009327	1009396	1	79	618
1009327	1009396	1	79	619
1009327	1009396	1	79	621
1009334	1009396	1	79	622
1009653	1009816	1	79	595
1009682	1009816	1	79	589
1009682	1009816	1	79	591
1009682	1009816	1	79	594
1009682	1009816	1	79	597
1009682	1009816	1	79	610
1009682	1009816	1	79	613
1009682	1009816	1	79	614
1009682	1009816	1	79	617
1009682	1009816	1	79	618
1009682	1009816	1	79	621
1009682	1009816	1	79	622
1009682	1009816	1	79	623
1009682	1012195	1	79	619
1009682	1012225	1	79	596
1009682	1012225	1	79	612
1009682	1012225	1	79	616
1009799	1009816	1	79	593
1010547	1010633	1	79	622
1010547	1010918	1	79	593
1010547	1010918	1	79	594
1010547	1010920	1	79	610
1010547	1010920	1	79	623
1010547	1012195	1	79	613
1010547	1012203	1	79	617
1010547	1012203	1	79	618
1010547	1012205	1	79	595
1010547	1012225	1	79	597
1010547	1012225	1	79	614
1010547	1012225	1	79	621
1010547	1012239	1	79	591
1010547	1012244	1	79	589
1012822	1013632	2	81	625
1013472	1013632	2	81	626
1013795	1013897	2	81	626
1013898	1014000	2	81	625
1015761	1016152	2	81	626
1015761	1018769	2	81	625
1019274	1019495	2	81	625
1019904	1020256	2	81	627
1020089	1020256	2	81	625
1020683	1020733	2	81	625
1020683	1020733	2	81	627
1021214	1021276	2	81	625
1023508	1023651	2	81	625
1023946	1024102	2	81	625
1024843	1025082	2	81	625
1025181	1025366	2	81	625
1025804	1025914	2	81	625
1025999	1026140	2	81	625
1026326	1026477	2	81	625
1026940	1027049	2	81	625
1027140	1027192	2	81	625
1027267	1027516	2	81	625
1027684	1027816	2	81	625
1027964	1028058	2	81	625
1028225	1028386	2	81	625
1028645	1028782	2	81	625
1028888	1028960	2	81	625
1029045	1029149	2	81	625
1029227	1029365	2	81	625
1029494	1029614	2	81	625
1030212	1030334	2	81	625
1030572	1030779	2	81	625
1030946	1031055	2	81	625
1031168	1031258	2	81	625
1031606	1031732	2	81	625
1031618	1031732	2	81	628
1031812	1032052	2	81	625
1031812	1032052	2	81	628
1033012	1033074	2	81	625
1033012	1033208	2	81	628
1036603	1036717	2	81	625
1049879	1049961	1	82	629
1051622	1051842	1	82	629
1052610	1055748	1	82	630
1054238	1054391	1	82	629
1055113	1055748	1	82	629
1074874	1074976	1	83	631
1074874	1074976	1	83	632
1075650	1075920	1	83	631
1075650	1075920	1	83	632
1077453	1077567	1	83	631
1077453	1077567	1	83	632
1077951	1078041	1	83	631
1077951	1078041	1	83	632
1078122	1078231	1	83	631
1078122	1078231	1	83	632
1078311	1078521	1	83	631
1078311	1078521	1	83	632
1081661	1081786	1	83	631
1081661	1081786	1	83	632
1082284	1082401	1	83	631
1082284	1082401	1	83	632
1082480	1082618	1	83	631
1082480	1082618	1	83	632
1082877	1082987	1	83	631
1082877	1082987	1	83	632
1083076	1083145	1	83	631
1083076	1083145	1	83	632
1083424	1083561	1	83	631
1083424	1083561	1	83	632
1083652	1083816	1	83	631
1083652	1083816	1	83	632
1084290	1084384	1	83	631
1084290	1084384	1	83	632
1084591	1084717	1	83	631
1084591	1084717	1	83	632
1085067	1085322	1	83	631
1085067	1085322	1	83	632
1085553	1085605	1	83	631
1085553	1085605	1	83	632
1085744	1085844	1	83	631
1085744	1085844	1	83	632
1086245	1086396	1	83	631
1086245	1086396	1	83	632
1086734	1086872	1	83	631
1086734	1086872	1	83	632
1087754	1087864	1	83	631
1087754	1087864	1	83	632
1087946	1088125	1	83	631
1087946	1088125	1	83	632
1088257	1088496	1	83	631
1088257	1088496	1	83	632
1089508	1089664	1	83	631
1089508	1089664	1	83	632
1089941	1090072	1	83	631
1089941	1090072	1	83	632
1090763	1090910	1	83	631
1090763	1090910	1	83	632
1092398	1092441	1	83	631
1092398	1092441	1	83	632
1092843	1093046	1	83	631
1092843	1093046	1	83	632
1093533	1093550	1	83	631
1093533	1093550	1	83	632
1094141	1094424	1	83	631
1094141	1100024	1	83	632
1099769	1100024	1	83	633
1100756	1100953	1	83	632
1100756	1100953	1	83	633
1101222	1101445	1	83	632
1101222	1101445	1	83	633
1101755	1101929	1	83	632
1101755	1101929	1	83	633
1102416	1102663	1	83	632
1102416	1102663	1	83	633
1103273	1103456	1	83	632
1103273	1103456	1	83	633
1103780	1104008	1	83	632
1103780	1104008	1	83	633
1104732	1104910	1	83	632
1104732	1104910	1	83	633
1105302	1105371	1	83	632
1105302	1105371	1	83	633
1105510	1105610	1	83	632
1105510	1105610	1	83	633
1105855	1105886	1	83	632
1105855	1105886	1	83	633
1107085	1107262	1	83	632
1107085	1107262	1	83	633
1107649	1107753	1	83	632
1107649	1107753	1	83	633
1108003	1108043	1	83	632
1108003	1108043	1	83	633
1108172	1108294	1	83	632
1108172	1108294	1	83	633
1108547	1108645	1	83	632
1108547	1108645	1	83	633
1109280	1109408	1	83	632
1109280	1109408	1	83	633
1109646	1109685	1	83	632
1109646	1109685	1	83	633
1109900	1110026	1	83	632
1109900	1110026	1	83	633
1110135	1110507	1	83	633
1110135	1110510	1	83	632
1157952	1158071	1	84	634
1160611	1160688	1	84	634
1161526	1161585	1	84	634
1161906	1162167	1	84	634
1162531	1162645	1	84	634
1162954	1163044	1	84	634
1163881	1163990	1	84	634
1164105	1164318	1	84	634
1164406	1164531	1	84	634
1165301	1165418	1	84	634
1165621	1165759	1	84	634
1167876	1167986	1	84	634
1168482	1168551	1	84	634
1168641	1168778	1	84	634
1168861	1169025	1	84	634
1172428	1172522	1	84	634
1174495	1174621	1	84	634
1174881	1175136	1	84	634
1175217	1175269	1	84	634
1176150	1176250	1	84	634
1176513	1176664	1	84	634
1176927	1177065	1	84	634
1177230	1177343	1	84	634
1177453	1177632	1	84	634
1178443	1178682	1	84	634
1179091	1179247	1	84	634
1180021	1180149	1	84	634
1180353	1180515	1	84	634
1181138	1181181	1	84	634
1181270	1181458	1	84	634
1182154	1192524	1	84	634
1192782	1192981	1	84	634
1193484	1193658	1	84	634
1194109	1194359	1	84	634
1194486	1194669	1	84	634
1195011	1195278	1	84	634
1195875	1196053	1	84	634
1196387	1196474	1	84	634
1196616	1196719	1	84	634
1196876	1196907	1	84	634
1197467	1197638	1	84	634
1197902	1198003	1	84	634
1198267	1198304	1	84	634
1198873	1198995	1	84	634
1199086	1199184	1	84	634
1199370	1199489	1	84	634
1199694	1199763	1	84	634
1199854	1199968	1	84	634
1200437	1201137	1	84	634
1218529	1219187	1	85	635
1219989	1220241	1	85	635
1223065	1223192	1	86	636
1223065	1223192	1	86	637
1225680	1225736	1	86	636
1225680	1225736	1	86	637
1226204	1226275	1	86	636
1226204	1226275	1	86	637
1226614	1226875	1	86	636
1226614	1226875	1	86	637
1227030	1227144	1	86	636
1227030	1227144	1	86	637
1227307	1227397	1	86	636
1227307	1227397	1	86	637
1227674	1227780	1	86	636
1227674	1227780	1	86	637
1228519	1228764	1	86	638
1228563	1228764	1	86	636
1228563	1228764	1	86	637
1229169	1229294	1	86	636
1229169	1229294	1	86	637
1229169	1229294	1	86	638
1229689	1229762	1	86	638
1229689	1229806	1	86	636
1229689	1229806	1	86	637
1230004	1230142	1	86	636
1230004	1230142	1	86	637
1230489	1230599	1	86	636
1230489	1230599	1	86	637
1230935	1231004	1	86	636
1230935	1231004	1	86	637
1231422	1231559	1	86	636
1231422	1231559	1	86	637
1231995	1232159	1	86	636
1231995	1232159	1	86	637
1232449	1232543	1	86	636
1232449	1232543	1	86	637
1232643	1232769	1	86	636
1232643	1232769	1	86	637
1233012	1233267	1	86	636
1233012	1233267	1	86	637
1233792	1233847	1	86	636
1233792	1233847	1	86	637
1234204	1234304	1	86	636
1234204	1234304	1	86	637
1234528	1234679	1	86	636
1234528	1234679	1	86	637
1235084	1235222	1	86	636
1235084	1235222	1	86	637
1235302	1235412	1	86	636
1235302	1235412	1	86	637
1236385	1236561	1	86	636
1236385	1236561	1	86	637
1236924	1237163	1	86	636
1236924	1237163	1	86	637
1238870	1239026	1	86	637
1238870	1239540	1	86	636
1239437	1239565	1	86	637
1239798	1239942	1	86	637
1240044	1240087	1	86	637
1240177	1240374	1	86	637
1240850	1251742	1	86	637
1242260	1242637	2	87	641
1249620	1249675	2	87	641
1252342	1252523	1	86	637
1252808	1252979	1	86	637
1254091	1254350	1	86	637
1254693	1254879	1	86	637
1255040	1255265	1	86	637
1255382	1255557	1	86	637
1256155	1256224	1	86	637
1256604	1256669	1	88	642
1256670	1256770	1	86	637
1257239	1257270	1	86	637
1257529	1257709	1	86	637
1257625	1257709	1	86	639
1258098	1258202	1	86	637
1258098	1258202	1	86	639
1258329	1258366	1	86	637
1258329	1258366	1	86	639
1258941	1259060	1	86	637
1258941	1259060	1	86	639
1259522	1259841	1	86	640
1259755	1259841	1	86	637
1259755	1259841	1	86	639
1259962	1260084	1	86	637
1259962	1260084	1	86	640
1260350	1260392	1	86	637
1260625	1260727	1	86	637
1261388	1262171	1	86	637
1262017	1262042	1	86	639
1274370	1277252	2	89	643
1274371	1277252	2	89	644
1274372	1277252	2	89	645
1275652	1277252	2	89	646
1276816	1277252	2	89	647
1277012	1277252	2	89	648
1277154	1277252	2	89	649
1283282	1283596	2	89	647
1286001	1286091	2	89	643
1286001	1286091	2	89	644
1286001	1286091	2	89	645
1286001	1286091	2	89	646
1286001	1286091	2	89	647
1286001	1286091	2	89	649
1288623	1288775	2	89	643
1288623	1288775	2	89	644
1288623	1288775	2	89	645
1288623	1288775	2	89	646
1288623	1288775	2	89	647
1288623	1288775	2	89	649
1288635	1288775	2	89	650
1290094	1290408	2	89	651
1290226	1290408	2	89	643
1290226	1290408	2	89	644
1290226	1290408	2	89	646
1290226	1290408	2	89	647
1290226	1290408	2	89	649
1290226	1290408	2	89	650
1290914	1291192	2	89	652
1291825	1292169	2	89	650
1295376	1295793	2	89	653
1295644	1295730	2	89	646
1295644	1295793	2	89	643
1295644	1295793	2	89	644
1295644	1295793	2	89	645
1295644	1295793	2	89	648
1295644	1295793	2	89	651
1295644	1295793	2	89	652
1295738	1295793	2	89	654
1298148	1298563	2	89	655
1302583	1302789	2	89	644
1305822	1306193	2	89	654
1309465	1309582	2	89	647
1309465	1309589	2	89	651
1309465	1309596	2	89	652
1309465	1309618	2	89	645
1309465	1309622	2	89	648
1309465	1309622	2	89	649
1309465	1309622	2	89	653
1309465	1309631	2	89	643
1309465	1309643	2	89	655
1309486	1309653	2	89	646
1309768	1310706	1	90	656
1333249	1336239	2	91	657
1336504	1336628	2	91	657
1336901	1337067	2	91	657
1350358	1350761	1	92	658
1360714	1360807	1	92	658
1362677	1362846	1	92	658
1362953	1363016	1	92	658
1363560	1364285	1	92	658
1389898	1390374	1	93	659
1389900	1390374	1	93	660
1389900	1390374	1	93	661
1389933	1390374	1	93	662
1390284	1390374	1	93	663
1409399	1409630	1	93	664
1409758	1409858	1	93	665
1410442	1410905	1	93	666
1411151	1411632	1	93	667
1436039	1436133	1	93	659
1436039	1436133	1	93	660
1436039	1436133	1	93	661
1436039	1436133	1	93	662
1436039	1436133	1	93	663
1436039	1436133	1	93	664
1436039	1436133	1	93	665
1436039	1436133	1	93	666
1436039	1436133	1	93	667
1438305	1438390	1	93	659
1438305	1438390	1	93	660
1438305	1438390	1	93	661
1438305	1438390	1	93	662
1438305	1438390	1	93	663
1438305	1438390	1	93	664
1438305	1438390	1	93	665
1438305	1438390	1	93	666
1438305	1438390	1	93	667
1440787	1440927	1	93	659
1440787	1440927	1	93	660
1440787	1440927	1	93	661
1440787	1440927	1	93	662
1440787	1440927	1	93	663
1440787	1440927	1	93	664
1440787	1440927	1	93	665
1440787	1440927	1	93	666
1440787	1440927	1	93	667
1440798	1440927	1	93	668
1442444	1442605	1	93	669
1442489	1442515	1	93	664
1442489	1442605	1	93	659
1442489	1442605	1	93	660
1442489	1442605	1	93	661
1442489	1442605	1	93	662
1442489	1442605	1	93	663
1442489	1442605	1	93	665
1442489	1442605	1	93	666
1442489	1442605	1	93	667
1442489	1442605	1	93	668
1443105	1443138	1	93	659
1443105	1443138	1	93	660
1443105	1443138	1	93	661
1443105	1443138	1	93	662
1443105	1443138	1	93	663
1443105	1443138	1	93	665
1443105	1443138	1	93	666
1443105	1443138	1	93	667
1443105	1443138	1	93	668
1443105	1443138	1	93	669
1443334	1443339	1	93	665
1443334	1443402	1	93	659
1443334	1443402	1	93	660
1443334	1443402	1	93	661
1443334	1443402	1	93	662
1443334	1443402	1	93	663
1443334	1443402	1	93	666
1443334	1443402	1	93	667
1443334	1443402	1	93	668
1443334	1443402	1	93	669
1443488	1443634	1	93	659
1443488	1443634	1	93	660
1443488	1443634	1	93	661
1443488	1443634	1	93	662
1443488	1443634	1	93	663
1443488	1443634	1	93	666
1443488	1443634	1	93	667
1443488	1443634	1	93	668
1443488	1443634	1	93	669
1444970	1445001	1	93	659
1444970	1445001	1	93	660
1444970	1445001	1	93	661
1444970	1445001	1	93	662
1444970	1445001	1	93	663
1444970	1445001	1	93	666
1444970	1445001	1	93	667
1445293	1445457	1	93	659
1445293	1445457	1	93	660
1445293	1445457	1	93	661
1445293	1445457	1	93	662
1445293	1445457	1	93	663
1445293	1445457	1	93	666
1445293	1445457	1	93	667
1445293	1445457	1	93	668
1445293	1445457	1	93	669
1445570	1445592	1	93	669
1445570	1445667	1	93	659
1445570	1445667	1	93	660
1445570	1445667	1	93	661
1445570	1445667	1	93	662
1445570	1445667	1	93	663
1445570	1445667	1	93	666
1445570	1445667	1	93	667
1445570	1445667	1	93	668
1445756	1445906	1	93	659
1445756	1445906	1	93	660
1445756	1445906	1	93	661
1445756	1445906	1	93	662
1445756	1445906	1	93	663
1445756	1445906	1	93	666
1445756	1445906	1	93	667
1445756	1445906	1	93	668
1447797	1447862	1	93	663
1449775	1449835	1	93	659
1449775	1449835	1	93	660
1449775	1449835	1	93	661
1449775	1449835	1	93	662
1449775	1449835	1	93	663
1449775	1449835	1	93	666
1449775	1449835	1	93	667
1449775	1449835	1	93	668
1450586	1450793	1	93	659
1450586	1450793	1	93	660
1450586	1450793	1	93	661
1450586	1450793	1	93	662
1450586	1450793	1	93	663
1450586	1450793	1	93	666
1450586	1450793	1	93	667
1450586	1450793	1	93	668
1450657	1450793	1	93	670
1450684	1450793	1	93	671
1451370	1451418	1	93	659
1451370	1451418	1	93	660
1451370	1451418	1	93	661
1451370	1451418	1	93	662
1451370	1451418	1	93	663
1451370	1451418	1	93	666
1451370	1451418	1	93	667
1451370	1451418	1	93	668
1451370	1451418	1	93	670
1451370	1451418	1	93	671
1453837	1454607	1	93	672
1454426	1454607	1	93	673
1454484	1454607	1	93	659
1454484	1454607	1	93	660
1454484	1454607	1	93	661
1454484	1454607	1	93	662
1454484	1454607	1	93	663
1454484	1454607	1	93	666
1454484	1454607	1	93	667
1454484	1454607	1	93	668
1454484	1454607	1	93	670
1454484	1454607	1	93	671
1456347	1456527	1	93	659
1456347	1456527	1	93	660
1456347	1456527	1	93	661
1456347	1456527	1	93	662
1456347	1456527	1	93	663
1456347	1456527	1	93	666
1456347	1456527	1	93	667
1456347	1456527	1	93	668
1456347	1456527	1	93	670
1456347	1456527	1	93	671
1456347	1456527	1	93	672
1456347	1456527	1	93	673
1456597	1456686	1	93	659
1456597	1456686	1	93	660
1456597	1456686	1	93	661
1456597	1456686	1	93	662
1456597	1456686	1	93	663
1456597	1456686	1	93	666
1456597	1456686	1	93	667
1456597	1456686	1	93	668
1456597	1456686	1	93	670
1456597	1456686	1	93	671
1456597	1456686	1	93	672
1456597	1456686	1	93	673
1456954	1457039	1	93	663
1456954	1457048	1	93	660
1456954	1457048	1	93	661
1456954	1457048	1	93	666
1456954	1457048	1	93	668
1456954	1457048	1	93	670
1456954	1457048	1	93	672
1459191	1459235	1	93	671
1459191	1459238	1	93	659
1459191	1459238	1	93	660
1459191	1459238	1	93	662
1459191	1459238	1	93	667
1459191	1459238	1	93	668
1459191	1459238	1	93	670
1459191	1459238	1	93	672
1459191	1459446	1	93	673
1460499	1462688	1	93	662
1460547	1461744	1	93	667
1460969	1461135	1	93	668
1460969	1461713	1	93	660
1460969	1461713	1	93	661
1460969	1461739	1	93	672
1460969	1462086	1	93	670
1460969	1462089	1	93	666
1460969	1462684	1	93	659
1460969	1462688	1	93	671
1464581	1464672	2	94	674
1465292	1467631	2	94	674
1469456	1470487	2	95	675
1469456	1470487	2	95	676
1470244	1470487	2	95	677
1471294	1471418	2	95	676
1471294	1471418	2	95	677
1471294	1473435	2	95	675
1471304	1471418	2	95	678
1480392	1480485	2	95	676
1480392	1480485	2	95	677
1480392	1480884	2	95	678
1480578	1480884	2	95	679
1480664	1480884	2	95	680
1480724	1480884	2	95	676
1480724	1480884	2	95	677
1481219	1481584	2	95	680
1486446	1486778	2	95	676
