4157
0	363	0
0	937	0
0	207	0
8291	8459	208
12611	12960	377
0	1788	0
1860	2811	1789
0	258	0
310	444	259
2368	4169	394
4263	4320	2196
6384	6574	2254
10843	10907	2445
11752	11794	2510
0	234	0
42319	42437	235
56623	56857	354
0	205	0
991	1223	206
1317	1374	439
1602	2287	497
4474	4538	1183
5383	5579	1248
5916	6039	1445
0	164	0
950	1182	165
1276	1333	398
4433	4497	456
5342	5503	521
0	103	0
0	100	0
1159	1268	101
12425	12620	211
37827	37883	407
38168	38259	464
39519	39599	556
0	76	0
634	833	77
1340	1497	277
0	285	0
536	652	286
800	1000	403
1438	1539	604
1703	1824	706
2608	2748	828
3183	3497	969
0	618	0
766	966	619
1234	3466	820
0	93	0
344	460	94
608	808	211
1246	1347	412
1511	1632	514
2991	3118	636
0	2743	0
3028	3119	2744
4379	4458	2836
0	2545	0
2687	2743	2546
3028	3119	2603
4379	4475	2695
0	447	0
1722	1847	448
0	395	0
878	969	396
2229	2300	488
0	329	0
508	564	330
849	940	387
2200	2253	479
0	300	0
442	498	301
783	874	358
1838	2052	450
0	607	0
1867	1942	608
0	1230	0
1563	1610	1231
1699	2292	1279
2863	2954	1873
3491	3641	1965
4708	4803	2116
4907	5051	2212
5129	5273	2357
5591	5710	2502
6522	7405	2622
0	408	0
741	788	409
877	1470	457
2041	2132	1051
2669	2819	1143
3886	3981	1294
4067	4229	1390
4307	4451	1553
4769	4888	1698
5700	6583	1818
0	138	0
471	518	139
679	991	187
0	138	0
375	518	139
607	1200	283
1775	1862	877
0	101	0
434	951	102
0	97	0
418	477	98
566	970	158
0	83	0
320	394	84
0	931	0
1502	1593	932
2130	2280	1024
3347	3442	1175
3546	3690	1271
3768	3912	1416
4230	4349	1561
5161	6044	1681
0	238	0
327	658	239
0	70	0
0	370	0
777	815	371
941	1032	410
1569	1719	502
2786	2881	653
2985	3094	749
0	255	0
826	917	256
1454	1604	348
2671	2846	499
0	3416	0
0	43	0
147	448	44
0	31	0
109	253	32
571	690	177
1478	1829	297
0	111	0
429	548	112
1418	1625	232
0	382	0
1194	1480	383
0	48	0
781	1107	49
0	1688	0
3802	4011	1689
9048	9209	1899
15422	15522	2061
17953	18185	2162
18313	18504	2395
21018	21312	2587
0	573	0
2633	2896	574
6234	7704	838
7921	8094	2309
20049	20192	2483
0	539	0
2653	2862	540
7899	8060	750
14273	14373	912
16804	17036	1013
17164	17355	1246
20015	20164	1438
0	512	0
2626	2835	513
7872	8033	723
14246	14346	885
16777	17009	986
17137	17231	1219
19988	20148	1314
0	327	0
2387	2650	328
7687	7848	592
14061	14161	754
16592	16824	855
19657	19963	1088
0	193	0
2307	2516	194
13927	14027	404
16458	16690	505
16818	17009	738
19523	19827	930
0	107	0
2221	2430	108
7467	7628	318
13841	13941	480
16372	16604	581
16732	16923	814
20005	20223	1006
0	149	0
8893	9125	150
9253	9444	383
9821	9838	575
0	72	0
6285	6385	73
8816	9048	174
9176	9270	407
11881	12163	502
0	17	0
6230	6419	18
8761	8993	208
9121	9312	441
11972	12117	633
0	408	0
4779	4879	409
7310	7542	510
7670	7861	743
10943	11258	935
0	319	0
4690	4930	320
0	103	0
2380	2612	104
2740	2931	337
5591	5742	529
0	232	0
360	551	233
928	1021	425
3633	3876	519
0	23	0
151	491	24
0	6	0
134	277	7
2839	3117	151
0	178	0
2032	2110	179
7075	7109	258
7195	7250	293
7460	7503	349
7709	7739	393
10311	10482	424
11810	11825	596
0	168	0
2022	2100	169
7065	7099	248
7185	7240	283
7450	7493	339
7699	7785	383
10301	10472	470
11800	11879	642
11956	12081	722
13827	13889	848
14570	14650	911
14844	14960	992
15529	16008	1109
0	167	0
2021	2099	168
7064	7492	247
7698	7784	676
10300	10323	763
0	167	0
7064	7239	168
7449	7492	344
7698	7784	388
10300	10471	475
11799	11878	647
11955	12080	727
13826	13888	853
14569	14649	916
14843	14959	997
15528	16004	1114
0	163	0
7180	7235	164
7445	7488	220
7694	7780	264
10296	10467	351
11795	11874	523
11951	12076	603
13822	13884	729
14565	14630	792
0	144	0
1998	2076	145
7041	7216	224
7426	7469	400
7675	7761	444
10277	10448	531
11776	11855	703
11932	12057	783
13803	13865	909
14546	14626	972
14820	14936	1053
15505	15966	1170
0	140	0
7037	7071	141
7157	7212	176
7422	7465	232
7671	7757	276
10273	11193	363
0	118	0
1972	2050	119
7015	7049	198
7135	7190	233
7400	7443	289
7649	7735	333
10251	10422	420
11750	11829	592
11906	12031	672
13777	13839	798
14794	14910	861
15479	15927	978
0	106	0
1960	2038	107
7123	7178	186
7388	7431	242
7637	7723	286
10239	10410	373
11738	11817	545
11894	12019	625
13765	13827	751
14508	14588	814
14782	14898	895
15467	15943	1012
0	384	0
0	40	0
246	332	41
2848	3019	128
4347	4426	300
4503	4628	380
6374	6436	506
8076	8398	569
0	450	0
2196	2258	451
2939	3019	514
3213	3287	595
0	2199	0
0	113	0
319	399	114
593	709	195
1278	1618	312
0	393	0
962	1074	394
0	142	0
5971	6190	143
15874	15983	363
0	112	0
0	418	0
0	191	0
920	1200	192
1427	1465	473
1677	3432	512
4298	4390	2268
5823	5993	2361
6068	6235	2532
6759	6981	2700
0	28	0
757	1037	29
1264	1302	310
1514	3269	349
4132	4227	2105
5660	5830	2201
5905	6072	2372
6596	6734	2540
0	548	0
775	801	549
0	29	0
715	993	30
0	773	0
912	949	774
0	406	0
533	713	407
864	892	588
0	113	0
678	949	114
1264	1474	386
1552	1987	597
2850	2969	1033
3420	3551	1153
3760	3871	1285
4037	4109	1397
4240	4376	1470
4468	4601	1607
4704	4799	1741
4973	5070	1837
5141	5352	1935
5430	6981	2147
0	104	0
669	940	105
1255	1465	377
1543	2960	588
3411	3542	2006
3751	4367	2138
4459	4592	2755
4695	4790	2889
4964	5061	2985
5132	5343	3083
5421	6543	3295
0	67	0
698	903	68
1218	1428	274
1486	1941	485
2804	2923	941
3374	3505	1061
3714	3825	1193
3991	4063	1305
4498	4555	1378
4658	4753	1436
4927	5024	1532
5095	5306	1630
5384	6504	1842
0	61	0
626	897	62
1212	1622	334
0	516	0
831	1041	517
1119	1554	728
2417	2536	1164
2987	3118	1284
3327	3424	1416
3509	3676	1514
3807	3943	1682
4035	4168	1819
4271	4366	1953
4540	4637	2049
4708	4919	2147
4997	5699	2359
0	155	0
470	680	156
758	861	367
1082	1193	471
2056	2175	583
2626	2656	703
0	535	0
986	1117	536
1326	1437	668
1603	2167	780
2270	2365	1345
2539	2636	1441
2707	2918	1539
2996	4123	1751
0	48	0
151	246	49
420	517	145
642	799	243
877	1053	401
0	513	0
1105	1326	514
0	29	0
4576	4783	30
0	29	0
4401	4608	30
0	288	0
0	29	0
3834	4041	30
0	29	0
3819	4026	30
0	27	0
487	605	28
862	891	147
0	27	0
1044	1251	28
0	31	0
632	839	32
0	161	0
600	807	162
1382	1599	370
0	622	0
1197	1579	623
0	332	0
912	1291	333
0	305	0
880	1119	306
1188	1244	546
0	306	0
882	1259	307
0	245	0
780	972	246
0	281	0
820	1202	282
0	245	0
947	1202	246
0	281	0
825	1202	282
0	185	0
771	1140	186
0	118	0
435	569	119
693	1072	254
0	30	0
6514	6864	31
0	29	0
504	656	30
0	29	0
315	467	30
0	134	0
263	637	135
0	29	0
244	396	30
0	171	0
240	382	172
0	273	0
3956	4315	274
0	130	0
3959	4315	131
0	273	0
3959	4315	274
0	130	0
4123	4315	131
0	273	0
4123	4315	274
0	130	0
3956	4315	131
4881	5230	491
0	284	0
896	1002	285
0	29	0
3056	3412	30
0	29	0
3053	3412	30
0	31	0
2855	3047	32
0	31	0
2688	3047	32
0	29	0
2160	2516	30
0	29	0
801	965	30
0	29	0
606	965	30
0	185	0
658	850	186
1416	1766	379
0	164	0
473	829	165
0	164	0
641	829	165
0	164	0
470	829	165
1395	1713	525
0	310	0
512	606	311
882	922	406
0	316	0
887	1231	317
0	316	0
893	1231	317
0	320	0
887	1231	321
0	316	0
882	1232	317
0	316	0
634	769	317
882	1232	453
0	352	0
882	1232	353
0	301	0
924	1232	302
0	316	0
603	769	317
882	1232	484
0	316	0
842	1232	317
0	38	0
504	544	39
0	22	0
95	175	23
0	106	0
717	975	107
0	93	0
5922	6978	94
0	74	0
5439	6397	75
0	314	0
789	818	315
0	314	0
815	844	315
0	314	0
437	1165	315
0	309	0
889	1165	310
0	309	0
885	1165	310
0	314	0
889	1184	315
0	354	0
889	1184	355
0	314	0
600	670	315
1054	1184	386
0	314	0
600	677	315
1073	1184	393
0	311	0
434	569	312
886	1162	448
0	217	0
792	999	218
1451	1567	426
0	217	0
792	999	218
7478	7764	426
0	207	0
572	601	208
0	207	0
1056	1085	208
0	207	0
1134	1163	208
0	207	0
1173	1202	208
0	207	0
783	821	208
2031	2060	247
0	207	0
2031	2060	208
0	207	0
5193	5581	208
6686	6972	597
0	207	0
8881	8910	208
0	232	0
389	435	233
0	214	0
371	541	215
0	591	0
0	565	0
2022	2282	566
0	29	0
212	241	30
0	29	0
245	274	30
0	29	0
2251	2280	30
0	318	0
1794	1921	319
2673	2812	447
0	228	0
330	557	229
0	29	0
735	814	30
1033	1062	110
0	29	0
387	450	30
0	481	0
0	496	0
0	455	0
2610	2713	456
3163	3255	560
3353	3448	653
3527	3617	749
3692	3792	840
3950	4017	941
4251	4329	1009
5962	6028	1088
6140	6274	1155
6348	6457	1290
6575	6675	1400
6752	6852	1501
6922	7828	1602
9919	10202	2509
10367	10520	2793
10631	10703	2947
10793	10946	3020
11326	11452	3174
12170	12618	3301
0	158	0
2313	2416	159
2866	3011	263
0	66	0
178	495	67
613	647	385
0	37	0
119	220	38
310	463	140
843	969	294
0	153	0
379	659	154
1377	1817	435
0	94	0
1715	1910	95
3994	4073	291
4200	4831	371
4925	5048	1003
6378	6582	1127
7353	7527	1332
7720	7837	1507
7921	8091	1625
10464	10649	1796
11004	11157	1982
11329	11521	2136
11622	11709	2329
11920	12294	2417
0	85	0
880	1075	86
3159	3238	282
3365	3996	362
4090	4213	994
5543	5747	1118
6518	6692	1323
6885	7002	1498
7086	7256	1616
9629	9814	1787
10169	10322	1973
10494	10686	2127
10787	10874	2320
11085	11459	2408
0	54	0
866	1061	55
3145	3224	251
3351	3982	331
4076	4199	963
5529	5733	1087
6504	6678	1292
6871	6988	1467
7072	7242	1585
9615	9800	1756
10155	10308	1942
10480	10672	2096
10773	10860	2289
11071	11445	2377
0	38	0
184	379	39
2463	2542	235
2669	3300	315
3394	3517	947
4847	5051	1071
5822	5996	1276
6189	6306	1451
6390	6560	1569
8933	9118	1740
9473	9626	1926
9798	9990	2080
10091	10178	2273
10389	10763	2361
0	315	0
2399	2478	316
2605	3236	396
3330	3453	1028
4783	4987	1152
5758	5932	1357
6125	6242	1532
6326	6496	1650
8869	9054	1821
9409	9562	2007
9734	9926	2161
10027	10114	2354
10325	10699	2442
0	281	0
2365	2672	282
0	91	0
266	281	92
2365	2444	108
2571	3202	188
3296	3419	820
4749	4953	944
5724	5898	1149
6091	6208	1324
6292	6462	1442
8835	9020	1613
9375	9528	1799
9700	9892	1953
9993	10080	2146
10291	10665	2234
0	188	0
457	536	189
663	834	269
0	73	0
167	404	74
0	32	0
1362	1566	33
2337	2630	238
0	48	0
149	594	49
0	344	0
634	823	345
1128	1278	535
1347	1449	686
1710	1819	789
2102	2242	899
2358	2491	1040
2980	3178	1174
4145	4312	1373
11610	11632	1541
0	344	0
634	823	345
1128	1278	535
1347	1449	686
1710	1853	789
2102	2242	933
2358	2491	1074
11579	11694	1208
0	343	0
633	822	344
1127	1277	534
1346	1448	685
1709	1818	788
2101	2241	898
2979	3177	1039
4152	4311	1238
9107	9232	1398
0	343	0
633	822	344
1127	1277	534
1346	1448	685
1709	1852	788
2136	2241	932
2357	2490	1038
4152	4311	1172
9107	9241	1332
0	343	0
633	822	344
1127	1277	534
1346	1448	685
1709	1852	788
2101	2241	932
2357	2490	1073
2979	3177	1207
3501	3592	1406
4152	4311	1498
9107	9280	1658
0	343	0
633	822	344
1127	1277	534
1346	1448	685
1709	1852	788
2101	2241	932
2357	2490	1073
2979	3177	1207
4152	4311	1406
9107	9283	1566
0	343	0
633	822	344
1346	1448	534
1709	1852	637
2101	2241	781
2357	2490	922
2979	3177	1056
4152	4311	1255
9107	9283	1415
0	343	0
426	822	344
1127	1277	741
1346	1448	892
1709	1852	995
2101	2241	1139
2357	2490	1280
2979	3177	1414
4152	4311	1613
9107	9283	1773
0	343	0
633	822	344
1127	1277	534
1346	1448	685
1709	1852	788
2101	2241	932
2357	2490	1073
2979	3177	1207
4152	4311	1406
11060	11368	1566
0	343	0
633	822	344
1160	1277	534
1346	1448	652
1709	1852	755
2101	2241	899
2357	2490	1040
11578	11606	1174
0	343	0
633	822	344
1127	1277	534
1346	1448	685
1709	1852	788
2101	2241	932
2357	2490	1073
2979	3177	1207
4152	4311	1406
11578	11609	1566
0	343	0
633	822	344
1127	1277	534
1346	1448	685
1709	1852	788
2101	2241	932
2357	2490	1073
4152	4311	1207
11578	11643	1367
0	343	0
633	822	344
1127	1277	534
1346	1448	685
1709	1852	788
2101	2241	932
2357	2490	1073
2979	3177	1207
4152	4311	1406
11609	11681	1566
0	343	0
633	1448	344
1709	1818	1160
2101	2241	1270
2357	2490	1411
4152	4311	1545
11578	11739	1705
0	341	0
631	820	342
1125	1275	532
1344	1446	683
1707	1850	786
2099	2239	930
2355	2488	1071
2977	3175	1205
4150	4280	1404
11576	11613	1535
0	331	0
621	810	332
1115	1265	522
1334	1463	673
0	666	0
971	1121	667
1190	1292	818
1553	1696	921
1945	2085	1065
2201	2334	1206
2823	3021	1340
3996	4105	1539
0	566	0
635	768	567
0	117	0
186	288	118
549	692	221
941	1081	365
1197	1330	506
7947	8055	640
0	101	0
362	505	102
754	894	246
1632	1830	387
2805	2951	586
0	41	0
302	445	42
694	834	186
950	1083	327
2745	2904	461
7700	7861	621
0	335	0
584	613	336
0	219	0
502	642	220
758	891	361
7508	7608	495
0	116	0
365	505	117
621	754	258
1442	1649	392
2416	2575	600
7371	7537	760
0	41	0
325	430	42
546	679	148
1168	1366	282
2341	2489	481
0	68	0
184	317	69
806	1004	203
1971	2138	402
6934	7115	570
0	60	0
176	309	61
798	996	195
6926	7102	394
0	561	0
5357	5523	562
0	656	0
787	1056	657
1649	2682	927
2785	2927	1961
3012	3109	2104
3208	3265	2202
10155	10266	2260
10425	10461	2372
10542	10706	2409
10789	10893	2574
11637	11825	2679
0	654	0
785	878	655
953	1054	749
1647	1794	851
2528	2680	999
2783	2925	1152
3010	3107	1295
3206	3263	1393
10153	10264	1451
10423	10459	1563
10540	10704	1600
10787	10891	1765
11539	11717	1870
11823	11931	2049
0	651	0
782	875	652
950	1051	746
1644	2922	848
3007	3104	2127
3203	3260	2225
10150	10261	2283
10420	10456	2395
10537	10701	2432
10784	10888	2597
11632	12241	2702
12331	12465	3312
13756	15521	3447
15877	15999	5213
16086	16160	5336
23983	24058	5411
0	651	0
782	875	652
950	1051	746
1644	1791	848
2525	2677	996
2780	2922	1149
3007	3104	1292
3203	3260	1390
10150	10261	1448
10420	10456	1560
10537	10701	1597
10784	10888	1762
11632	11714	1867
11820	11880	1950
12145	12241	2011
12331	12465	2108
13756	13829	2243
13910	13968	2317
14061	14116	2376
15376	15521	2432
15877	15999	2578
16086	16160	2701
23983	24073	2776
0	397	0
528	621	398
696	797	492
1390	1537	594
2271	2423	742
2526	2668	895
2753	2850	1038
2949	3006	1136
9896	10007	1194
10166	10202	1306
10283	10447	1343
10530	10634	1508
11378	11460	1613
11566	11626	1696
11891	11987	1757
12077	12211	1854
13502	13714	1989
13807	13862	2202
15122	15267	2258
15623	15745	2404
15832	15906	2527
23729	23765	2602
0	48	0
179	272	49
347	874	143
0	113	0
212	357	114
0	109	0
215	570	110
0	294	0
0	151	0
11919	12020	152
30817	30884	254
38671	38785	322
0	358	0
9908	10009	359
23616	23698	461
28806	28873	544
36660	36794	612
37141	37191	747
37920	38033	798
38250	38368	912
39121	39235	1031
39309	39454	1146
39604	39789	1292
40141	41120	1478
0	341	0
1089	1197	342
9891	9992	451
23599	23681	553
28789	28856	636
36643	36777	704
37124	37174	839
0	310	0
9860	9961	311
10434	10552	413
0	290	0
9840	9941	291
23548	23630	393
28738	29098	476
0	283	0
1031	1139	284
9833	10697	393
0	217	0
8441	8691	218
0	186	0
901	1042	187
9736	9837	329
23444	23526	431
28634	28639	514
0	1614	0
15221	15303	1615
20411	20478	1698
28265	28399	1766
28746	28796	1901
29525	29638	1952
29855	29973	2066
30726	30840	2185
30914	31059	2300
31209	31394	2446
31746	31968	2632
32447	32725	2855
0	111	0
418	969	112
0	57	0
5165	5232	58
6205	6674	126
0	231	0
960	1073	232
1290	1408	346
2161	2275	465
2349	2491	580
0	164	0
238	383	165
533	718	311
1070	1196	497
0	277	0
629	929	278
0	266	0
371	541	267
3459	3629	438
3945	4115	609
4251	4421	780
4503	4673	951
5317	5487	1122
5972	6142	1293
7550	9058	1464
0	265	0
370	540	266
3458	3628	437
3944	4114	608
4250	4420	779
4502	4672	950
5316	5486	1121
5971	6141	1292
7549	7736	1463
12096	12308	1651
0	263	0
368	538	264
3456	3626	435
3942	4112	606
4248	4418	777
4500	4670	948
5314	5484	1119
5969	6139	1290
7547	7734	1461
10309	10481	1649
12094	12285	1822
0	263	0
368	538	264
3456	3626	435
3942	4112	606
4248	4418	777
4500	4670	948
5314	5484	1119
5969	6139	1290
7547	7734	1461
10309	10481	1649
12598	12727	1822
0	263	0
368	538	264
3456	3626	435
3942	4112	606
4248	4418	777
4500	4670	948
5314	5484	1119
5969	6139	1290
7547	7666	1461
12598	12738	1581
0	262	0
367	537	263
3455	3625	434
3941	4111	605
4247	4417	776
4499	5483	947
5968	6138	1932
7546	7665	2103
10308	11365	2223
0	255	0
360	530	256
3448	3618	427
3934	4104	598
4240	4410	769
4492	4662	940
5306	5400	1111
5961	6215	1206
7539	7726	1461
12590	12734	1649
0	509	0
3427	3597	510
3913	4083	681
4219	4385	852
0	232	0
337	507	233
3425	3595	404
3911	4081	575
4217	4387	746
4469	4639	917
5283	5453	1088
5938	6108	1259
7516	7635	1430
10278	10450	1550
12567	12672	1723
0	230	0
335	505	231
3423	3593	402
3909	4079	573
4215	4385	744
4467	4637	915
5281	5451	1086
5936	6106	1257
7514	7633	1428
12061	12237	1548
0	217	0
322	492	218
3410	3580	389
3896	4066	560
4202	4372	731
4454	4624	902
5268	5438	1073
5923	6093	1244
7501	7688	1415
12552	12739	1603
0	45	0
2963	3133	46
3449	3507	217
5534	5646	276
7054	7173	389
12105	12219	509
0	145	0
227	397	146
1041	1135	317
1696	1866	412
3274	3393	583
8325	8476	703
0	154	0
798	968	155
1453	1623	326
3031	3218	497
7578	7765	685
0	138	0
782	952	139
1437	1607	310
3015	3134	481
5380	5505	601
0	123	0
767	937	124
1422	1592	295
3000	3187	466
5762	5826	654
7547	7697	719
0	599	0
1084	1254	600
2662	2849	771
7713	7812	959
0	99	0
328	498	100
983	1153	271
2561	2680	442
7612	7758	562
0	246	0
807	977	247
2385	2538	418
0	757	0
2165	2352	758
4927	5099	946
7216	7298	1119
0	19	0
1427	1614	20
4189	4361	208
4743	4826	381
5443	5681	465
0	2343	0
0	44	0
2687	2859	45
3941	4202	218
0	35	0
2610	2782	36
3864	4142	209
0	23	0
4702	5621	24
0	116	0
9168	9346	117
12863	13271	296
0	40	0
247	752	41
0	388	0
1035	1116	389
1211	1370	471
1524	1702	631
1970	2133	810
0	513	0
1211	1370	514
1524	1702	674
1970	2133	853
3015	3097	1017
0	280	0
389	513	281
1035	1116	406
1211	1370	488
1524	1702	648
1970	2133	827
3174	3296	991
0	280	0
389	513	281
1211	1370	406
1524	1702	566
1970	2133	745
3174	3334	909
0	513	0
1035	1116	514
1211	1370	596
1524	1702	756
1970	2133	935
3174	3334	1099
0	512	0
1210	1369	513
1523	1701	673
1969	2132	852
3173	3307	1016
0	247	0
356	480	248
1002	1078	373
1178	1337	450
1491	1669	610
1937	2100	789
4061	5046	953
0	113	0
811	970	114
1124	1334	274
0	149	0
417	580	150
3058	3492	314
0	96	0
239	308	97
0	78	0
1071	1333	79
2053	2199	342
3147	3334	489
4010	4097	677
7193	7253	765
12375	12471	826
12545	12745	923
13604	13775	1124
14124	14300	1296
14376	14440	1473
14563	14705	1538
15042	15175	1681
16436	17385	1815
0	261	0
455	653	262
884	1080	461
1146	1265	658
1342	1525	778
1642	1738	962
1985	2247	1059
2549	2637	1322
2722	2790	1411
3034	3189	1480
3311	3398	1636
3764	3916	1724
4006	4129	1877
5833	5888	2001
0	256	0
450	1075	257
1141	1260	883
1337	1565	1003
0	171	0
473	561	172
646	714	261
958	1113	330
1235	1322	486
1688	1840	574
1930	2053	727
2421	2572	851
3757	3804	1003
0	88	0
173	241	89
485	640	158
762	849	314
1215	1367	402
1457	1663	555
1948	1983	762
0	1881	0
2184	2511	1882
0	308	0
380	503	309
1493	1667	433
0	42	0
429	584	43
887	1214	199
0	208	0
304	632	209
0	207	0
303	631	208
0	110	0
1358	1488	111
1675	2372	242
2785	3589	940
0	77	0
806	936	78
1123	1820	209
2233	3056	907
0	507	0
792	922	508
1109	1806	639
2219	2347	1337
2426	2508	1466
2588	3055	1549
0	62	0
791	921	63
1113	1805	194
2218	3009	887
0	46	0
1092	1469	47
0	27	0
312	442	28
629	1326	159
1739	1867	857
2108	2571	986
0	345	0
532	658	346
0	391	0
804	1093	392
1173	1300	682
0	2196	0
2695	2792	2197
0	1895	0
2692	2787	1896
0	854	0
1332	1442	855
0	668	0
1336	1416	669
0	539	0
1315	1421	540
0	539	0
781	837	540
1336	1421	597
0	668	0
781	837	669
1336	1431	726
0	502	0
744	800	503
1278	1384	560
0	709	0
1208	1313	710
0	109	0
0	122	0
5022	5136	123
5492	5611	238
10789	10994	358
14914	14997	564
16089	16204	648
20453	20550	764
20925	21100	862
21903	22032	1038
25104	25231	1168
28649	28830	1296
29138	29254	1478
29972	30126	1595
30596	33250	1750
33726	33877	4405
34031	34291	4557
34484	34612	4818
35164	35494	4947
0	122	0
5022	5136	123
5492	5611	238
10789	10994	358
14914	14997	564
16089	16204	648
20453	20550	764
20925	21100	862
21903	22032	1038
25104	25231	1168
28649	28830	1296
29135	29254	1478
29972	30126	1598
30596	33250	1753
33726	33877	4408
34031	34291	4560
34484	34612	4821
35164	35752	4950
0	106	0
5006	5120	107
5476	5595	222
10773	10978	342
14898	14981	548
16073	16188	632
20437	20534	748
20909	21084	846
21887	22016	1022
25088	25215	1152
28633	28814	1280
29119	29238	1462
29956	30110	1582
30580	33234	1737
33710	33861	4392
34181	34275	4544
34468	34596	4639
35148	35557	4768
0	71	0
4971	5085	72
5444	5560	187
10738	10943	304
14863	14946	510
16038	16153	594
20402	20499	710
20874	21049	808
21852	21981	984
25053	25180	1114
28598	28779	1242
29087	29203	1424
29921	30075	1541
30545	33199	1696
33675	33826	4351
33980	34240	4503
34433	34561	4764
35113	35443	4893
0	71	0
4971	5076	72
5444	5560	178
10738	10943	295
14863	14946	501
16038	16153	585
20402	20499	701
20874	21049	799
21852	21981	975
25053	25180	1105
28598	28779	1233
29084	29203	1415
29921	30075	1535
30545	33199	1690
33675	33826	4345
33980	34240	4497
34433	34561	4758
35113	35443	4887
0	44	0
3462	3643	45
3948	4067	227
4785	5185	347
0	247	0
446	564	248
653	1042	367
1232	1312	757
1398	1484	838
1621	1846	925
1923	1981	1151
2244	2431	1210
2544	2699	1398
0	245	0
444	562	246
651	1040	365
1230	1310	755
1396	1482	836
1619	1844	923
1921	1979	1149
2242	2452	1208
2542	3173	1419
0	245	0
444	562	246
651	1040	365
1230	1310	755
1619	1844	836
1921	1979	1062
2242	2452	1121
2542	2704	1332
2790	3092	1495
3358	3366	1798
0	245	0
444	562	246
651	1040	365
1230	1310	755
1396	1482	836
1619	1844	923
1921	1979	1149
2242	2452	1208
2542	2704	1419
2790	3092	1582
3358	3395	1885
0	239	0
438	556	240
645	1034	359
1224	1476	749
1915	1973	1002
2236	2446	1061
2536	2698	1272
2784	3086	1435
3352	3389	1738
0	224	0
423	541	225
630	1019	344
1209	1289	734
1598	1823	815
1900	1958	1041
2221	2431	1100
2521	3152	1311
0	217	0
416	534	218
623	1012	337
1202	1282	727
1368	1454	808
1893	1951	895
2214	2424	954
2514	2676	1165
2762	3029	1328
0	212	0
411	1003	213
0	209	0
408	526	210
615	1004	329
1194	1274	719
1360	1446	800
1583	1808	887
1885	1943	1113
2206	2416	1172
2506	3056	1383
3322	3379	1934
0	209	0
408	526	210
615	1004	329
1194	1274	719
1885	1940	800
2206	2416	856
2506	2668	1067
2754	3056	1230
3322	3392	1533
0	42	0
232	844	43
0	43	0
129	215	44
654	712	131
975	1185	190
1275	1825	401
2091	2157	952
0	525	0
788	878	526
0	309	0
386	444	310
707	917	369
1007	1169	580
1255	1560	743
0	11	0
88	143	12
409	619	68
709	871	279
957	1259	442
0	51	0
314	524	52
614	1241	263
0	476	0
562	864	477
1130	1155	780
0	1193	0
1377	1534	1194
2022	2585	1352
2729	2813	1916
2897	3010	2001
3104	3304	2115
3490	3587	2316
3719	3809	2414
4503	4673	2505
4768	4878	2676
4985	5086	2787
5235	5327	2889
7636	7686	2982
7980	8155	3033
8241	8347	3209
0	1187	0
1371	1528	1188
2016	2597	1346
2723	2807	1928
2891	3004	2013
3098	3298	2127
3484	3581	2328
3713	3803	2426
4497	4667	2517
4762	4872	2688
4979	5080	2799
5229	5321	2901
7630	7680	2994
7974	8149	3045
8235	8372	3221
0	514	0
698	855	515
1343	1924	673
2050	2134	1255
2218	2331	1340
2425	2625	1454
2811	2908	1655
3040	3130	1753
3824	3994	1844
4089	4199	2015
4306	4407	2126
4556	4648	2228
6957	7160	2321
7301	7476	2525
7562	7676	2701
0	514	0
698	855	515
2050	2134	673
2218	2331	758
2425	2625	872
2811	2908	1073
3040	3130	1171
3824	3994	1262
4089	4199	1433
4306	4407	1544
4556	4648	1646
6957	7007	1739
7301	7476	1790
7562	7913	1966
0	511	0
695	852	512
1340	1921	670
2047	2131	1252
2215	2328	1337
2422	2622	1451
2808	2905	1652
3037	3127	1750
3821	3991	1841
4086	4196	2012
4303	4404	2123
4553	4645	2225
6954	7004	2318
7298	7473	2369
7559	7908	2545
8762	8819	2895
0	171	0
265	465	172
651	748	373
880	970	471
1664	1834	562
1929	2039	733
2146	2247	844
4797	4847	946
5141	5316	997
5402	5539	1173
0	193	0
379	443	194
608	698	259
1392	1449	350
0	46	0
128	238	47
345	446	158
2996	3046	260
3340	3515	311
3601	3738	487
0	58	0
165	266	59
415	438	161
2816	2866	185
3160	3335	236
3421	3558	412
0	35	0
142	243	36
392	484	138
2793	2843	231
3137	3312	282
3498	3535	458
0	50	0
344	519	51
757	956	227
0	221	0
388	480	222
579	680	315
764	872	417
0	320	0
2164	2276	321
2379	3037	434
3132	3437	1093
0	101	0
376	488	102
591	736	215
0	421	0
6929	7174	422
9729	9818	668
30303	30550	758
34461	34589	1006
35455	35583	1135
36730	36856	1264
40665	40730	1391
42625	42764	1457
43678	43703	1597
0	421	0
9729	9818	422
30303	30550	512
34461	34589	760
35455	35583	889
36730	36856	1018
40665	40730	1145
42625	42764	1211
43678	43824	1351
44098	44227	1498
47268	47365	1628
50526	50989	1726
0	420	0
2093	2362	421
0	420	0
2093	2321	421
5709	5785	650
9728	9817	727
30302	30549	817
34460	34588	1065
35454	35582	1194
36729	36855	1323
40664	40729	1450
42624	42763	1516
43677	43823	1656
44097	44226	1803
47267	47364	1933
50525	50807	2031
0	415	0
9723	9812	416
30297	30544	506
34455	34583	754
35449	35577	883
36724	36850	1012
40659	40724	1139
42619	42758	1205
43672	43818	1345
44092	44221	1492
47262	47359	1622
62333	62879	1720
0	410	0
9718	9807	411
30292	30539	501
34450	34578	749
35444	35572	878
36719	36845	1007
40654	40719	1134
42614	42753	1200
43667	43813	1340
44087	44216	1487
47257	47403	1617
0	410	0
9718	9807	411
30292	30539	501
34450	34578	749
35444	35572	878
36719	36845	1007
40654	40719	1134
42614	42753	1200
43667	43813	1340
44087	44216	1487
47257	47354	1617
48300	48473	1715
0	410	0
9718	9807	411
30292	30539	501
34450	34578	749
35444	35572	878
36719	36845	1007
40654	40719	1134
42614	42753	1200
43667	43813	1340
44087	44216	1487
47257	47354	1617
49245	49419	1715
0	407	0
9715	9804	408
30289	30536	498
35441	35569	746
36716	36842	875
40651	40716	1002
42611	42750	1068
43664	43810	1208
44084	44213	1355
47254	47351	1485
50512	50794	1583
0	407	0
9715	9804	408
30289	30536	498
34447	34575	746
40651	40716	875
42611	42750	941
43664	43810	1081
44084	44213	1228
47254	47351	1358
50512	50794	1456
0	381	0
9689	9778	382
15162	15523	472
30263	30510	834
34421	34549	1082
35415	35543	1211
36690	36816	1340
40625	40690	1467
42585	42724	1533
43638	43784	1673
44058	44187	1820
47228	47325	1950
50486	50768	2048
0	359	0
5606	5724	360
9667	9756	479
30241	30488	569
34399	34527	817
35393	35521	946
36668	36794	1075
40603	40668	1202
42563	42702	1268
43616	43762	1408
44036	44165	1555
47206	47303	1685
50464	50746	1783
0	190	0
5550	5639	191
26124	26371	281
30282	30410	529
31276	31404	658
32551	32677	787
36486	36551	914
38446	38585	980
39499	39645	1120
39919	40048	1267
43089	43186	1397
46347	46629	1495
0	110	0
20595	20842	111
24753	24881	359
25747	25875	488
26037	26133	617
27022	27104	714
0	89	0
20574	20821	90
24732	24860	338
25726	25854	467
27001	27127	596
30936	31001	723
32896	33035	789
33949	34246	929
34369	34498	1227
37539	37636	1357
40797	40955	1455
0	580	0
8088	8349	581
12413	12481	843
0	411	0
4322	4407	412
0	192	0
1081	1207	193
5016	5081	320
6976	7115	386
8029	8175	526
8449	8578	673
11619	11716	803
14877	15159	901
0	1387	0
3282	3421	1388
4335	4473	1528
4755	4884	1667
7925	8022	1797
8968	9452	1895
0	76	0
990	1136	77
1410	1539	224
4580	4677	354
7758	8010	452
0	145	0
419	548	146
3589	3686	276
4338	4438	374
0	150	0
1838	1934	151
0	37	0
11703	11850	38
14892	15013	186
15115	15170	308
15984	16048	364
25624	25774	429
0	255	0
3278	3297	256
4551	4621	276
8084	8536	347
0	179	0
3226	3245	180
4499	4592	200
4972	5064	294
7302	8486	387
0	50	0
3073	3092	51
4346	4439	71
4819	4911	165
7149	7350	258
8646	9232	460
0	44	0
3067	4433	45
4813	4905	1412
7143	7344	1505
7980	8319	1707
0	41	0
3064	3083	42
4337	4430	62
4810	5322	156
0	30	0
3053	3072	31
4326	4419	51
4799	4891	145
7129	8313	238
0	513	0
9086	9138	514
0	139	0
793	1122	140
0	237	0
924	1071	238
4113	4234	386
4336	4367	508
0	171	0
560	684	172
3213	3334	297
3436	3491	419
4305	4369	475
13945	14106	540
14480	14629	702
14713	14792	852
14947	15089	932
15168	15235	1075
15448	15574	1143
15786	15874	1270
15974	16048	1359
16284	16432	1434
16556	16688	1583
17124	17236	1716
18607	18712	1829
19611	19730	1935
19981	20053	2055
20187	20367	2128
20502	20634	2309
20784	21607	2442
0	168	0
3210	3331	169
3433	3488	291
4302	4366	347
13942	14103	412
14429	14626	574
14710	14789	772
14944	15086	852
15165	15232	995
15445	15571	1063
15783	15871	1190
15971	16045	1279
16281	16429	1354
16553	16685	1503
17121	17233	1636
18604	18709	1749
19608	19727	1855
19978	20050	1975
20184	20364	2048
20499	20631	2229
20781	21606	2362
0	87	0
2374	2442	88
3129	3250	157
3352	3407	279
4221	4285	335
13861	13934	400
0	85	0
3127	3248	86
3350	3405	208
4219	4283	264
13859	14020	329
14346	14543	491
14627	14706	689
14861	15003	769
15082	15149	912
15362	16099	980
0	72	0
3114	3235	73
3337	3392	195
4206	4270	251
13846	14007	316
14381	14530	478
14614	14693	628
14848	14990	708
15069	15136	851
15349	15475	919
15687	15775	1046
15875	15949	1135
16185	16333	1210
16457	16589	1359
17025	17137	1492
18508	18613	1605
19512	19631	1711
19882	19954	1831
20088	20268	1904
20403	20535	2085
21141	21476	2218
0	64	0
3106	3227	65
3329	4262	187
13838	13999	1121
14373	14522	1283
14606	14685	1433
14840	14982	1513
15061	15128	1656
15341	15467	1724
15679	15767	1851
15867	15941	1940
16177	16325	2015
16449	16581	2164
17017	17129	2297
18500	18605	2410
19504	19623	2516
19874	19946	2636
20080	20260	2709
20395	20527	2890
20677	21497	3023
0	57	0
443	570	58
3099	3220	186
3322	3564	308
0	57	0
3099	3220	58
3322	3377	180
4074	4251	236
0	57	0
3099	3220	58
3322	3377	180
4191	4255	236
13831	13992	301
14366	14515	463
14599	14678	613
14833	14975	693
15054	15121	836
15334	15460	904
15672	15760	1031
15860	15934	1120
16170	16318	1195
16442	16574	1344
17010	17122	1477
18493	18598	1590
19497	19616	1696
19867	19939	1816
20073	20253	1889
20388	20520	2070
20670	21496	2203
0	51	0
359	564	52
3093	3214	258
3316	3371	380
4185	4249	436
13825	13910	501
0	46	0
3088	3209	47
3311	3366	169
3786	4244	225
13820	13949	684
0	218	0
2735	2856	219
2958	3013	341
3827	3891	397
13467	13586	462
0	185	0
2714	2835	186
2937	3173	308
0	172	0
2701	2822	173
2924	2979	295
3793	3857	351
13433	13594	416
13968	14117	578
14201	14280	728
14435	14577	808
14656	14723	951
14936	15062	1019
15274	15362	1146
15462	15536	1235
15772	15920	1310
16044	16176	1459
16612	16724	1592
18095	18200	1705
19099	19218	1811
19469	19541	1931
19675	19855	2004
19990	20122	2185
20272	20422	2318
0	459	0
18412	18483	460
0	83	0
185	240	84
1054	1118	140
10694	10855	205
11181	11378	367
11462	11541	565
11696	11838	645
11917	11984	788
12197	12323	856
12535	12623	983
12723	12797	1072
13033	13181	1147
13305	13437	1296
13873	13985	1429
15356	15461	1542
16360	16479	1648
16730	16802	1768
16936	17116	1841
17251	17383	2022
17533	17666	2155
0	48	0
797	926	49
10502	10663	179
11037	11186	341
11270	11339	491
0	140	0
224	303	141
458	600	221
679	746	364
959	1085	432
1297	1385	559
1485	1559	648
1795	1978	723
0	380	0
593	659	381
0	187	0
266	333	188
546	672	256
884	972	383
1382	1481	472
0	114	0
212	279	115
492	727	183
0	131	0
210	277	132
490	616	200
1016	1090	327
1326	1474	402
1598	1730	551
2166	2278	684
3649	3754	797
4653	4772	903
5023	5095	1023
5229	5409	1096
5544	5676	1277
5826	6648	1410
0	121	0
200	267	122
480	606	190
1316	1464	317
1588	1720	466
2156	2260	599
0	70	0
283	409	71
621	709	198
809	1061	287
0	623	0
747	879	624
1315	1427	757
2798	2903	870
3802	3921	976
4172	4244	1096
4378	4558	1169
4693	4825	1350
4975	5795	1483
0	267	0
1166	1285	268
1536	1608	388
1742	1922	461
2057	2189	642
2339	3160	775
0	403	0
538	670	404
820	1032	537
0	190	0
340	490	191
0	124	0
730	1095	125
0	100	0
403	704	101
0	163	0
4849	5058	164
8464	8587	374
11594	11642	498
12707	12838	547
15929	16105	679
0	161	0
8462	8867	162
0	150	0
8451	8574	151
11522	11629	275
12694	12825	383
15916	16091	515
16319	16512	691
16860	17005	885
17385	17584	1031
0	124	0
8425	8548	125
11555	11603	249
12668	12799	298
15890	16065	430
16293	16396	606
0	114	0
8415	8538	115
11486	11593	239
12658	13501	347
0	114	0
8415	8538	115
11486	11593	239
12658	12789	347
15880	16055	479
16283	16480	655
16824	16969	853
17349	17548	999
0	258	0
3206	3313	259
4378	4513	367
0	451	0
831	965	452
0	76	0
443	635	77
0	153	0
3094	3178	154
3773	3884	239
4113	4207	351
0	151	0
4111	4204	152
5205	5299	246
6300	6407	341
6786	6846	449
0	151	0
3092	3176	152
4111	4204	237
5205	5299	331
6300	6407	426
6786	6891	534
7844	7920	640
10177	10249	717
0	3681	0
3771	3882	3682
4111	4204	3794
5205	5299	3888
6300	6407	3983
6786	6891	4091
7844	7920	4197
10177	10265	4274
0	3173	0
3454	3678	3174
3768	3879	3399
4108	4201	3511
5202	5296	3605
6783	6888	3700
7841	7917	3806
10174	10263	3883
0	140	0
4105	4198	141
5199	5293	235
6294	6401	330
6780	6798	438
0	145	0
4105	4239	146
5199	5293	281
6294	6401	376
6780	6885	484
7838	7914	590
10171	10259	667
0	433	0
523	634	434
863	956	546
1957	2051	640
3538	3643	735
4596	4672	841
6929	7005	918
0	876	0
1877	1971	877
2972	3079	972
3458	3563	1080
6849	6935	1186
0	205	0
295	406	206
635	728	318
1729	1916	412
0	91	0
181	400	92
521	614	312
1615	1709	406
2710	2817	501
3196	3301	609
6587	6671	715
0	91	0
181	292	92
521	614	204
1615	1709	298
2616	2817	393
3196	3301	595
4254	4330	701
6587	6671	778
0	260	0
489	526	261
0	69	0
298	391	70
1392	1486	164
2487	2594	259
2973	3078	367
6364	6449	473
0	299	0
678	783	300
1736	1812	406
4069	4154	483
0	77	0
1615	2114	78
0	121	0
5956	7657	122
0	117	0
535	707	118
0	113	0
531	1133	114
0	103	0
5938	6079	104
6432	6706	246
0	87	0
505	610	88
5922	6063	194
6416	6689	336
0	1138	0
0	105	0
283	460	106
0	1543	0
2915	2975	1544
0	387	0
1852	1935	388
0	1593	0
1667	1742	1594
1829	1983	1670
2078	2252	1825
2395	2513	2000
3054	3144	2119
3983	4038	2210
4301	4426	2266
4512	4694	2392
5568	5788	2575
0	1593	0
1667	1742	1594
1829	1983	1670
2078	2252	1825
2395	2513	2000
3054	3144	2119
3983	4038	2210
4301	4426	2266
4512	4694	2392
7742	7806	2575
0	424	0
498	573	425
660	814	501
909	1083	656
1226	1344	831
1885	1975	950
2814	2869	1041
3132	3257	1097
3343	3525	1223
5968	6351	1406
0	45	0
119	194	46
281	435	122
530	704	277
847	965	452
1506	1596	571
2435	2565	662
2753	2878	793
2964	3152	919
0	153	0
248	422	154
565	683	329
1224	1314	448
2153	2208	539
2471	2596	595
2682	2981	721
0	96	0
191	365	97
508	626	272
1167	1327	391
0	13	0
108	282	14
425	543	189
1084	1174	308
2025	2068	399
2331	2456	443
2542	2719	569
5772	5826	747
0	3	0
98	272	4
415	533	179
1074	1164	298
2003	2058	389
2321	2446	445
2532	2714	571
2954	3015	754
0	157	0
300	418	158
959	1049	277
1888	1943	368
2206	2331	424
2417	2599	550
5322	5427	733
0	118	0
261	379	119
920	1010	238
1849	1904	329
2167	2292	385
2378	2560	511
3595	3641	694
0	111	0
254	372	112
913	1003	231
1837	1897	322
2160	2285	383
2371	2553	509
4996	5382	692
0	71	0
214	332	72
873	963	191
1802	1857	282
2120	2245	338
2331	2513	464
3431	3529	647
0	55	0
198	316	56
857	947	175
1786	1841	266
2104	2229	322
2315	2497	448
2841	3033	631
0	6	0
149	267	7
808	898	126
1732	1792	217
2055	2180	278
2266	2448	404
5496	5549	587
0	109	0
650	740	110
1579	1634	201
1897	2022	257
2108	2290	383
2385	2484	566
0	88	0
629	719	89
1558	1613	180
1876	2001	236
2087	2264	362
2440	2464	540
0	66	0
607	697	67
1531	1591	158
1854	1979	219
2065	2247	345
2418	2472	528
0	59	0
600	690	60
1529	1584	151
1847	1972	207
2058	2235	333
3114	3311	511
0	50	0
591	681	51
1520	1575	142
1838	1963	198
2049	2231	324
2402	2500	507
0	16	0
557	647	17
1486	1541	108
1804	1929	164
2015	2197	290
3136	3231	473
0	141	0
980	1035	142
1298	1423	198
1509	1691	324
4739	4791	507
0	89	0
928	983	90
1246	1371	146
1457	1639	272
2584	2707	455
0	42	0
876	936	43
1199	1324	104
1410	1592	230
2466	2660	413
0	32	0
871	926	33
1189	1314	89
1400	1577	215
1926	2090	393
0	608	0
871	996	609
1082	1264	735
2299	2350	918
0	252	0
515	640	253
726	932	379
0	144	0
407	532	145
618	800	271
971	1050	454
0	110	0
373	498	111
584	766	237
1640	1797	420
0	107	0
370	495	108
581	758	234
934	1013	412
0	59	0
322	447	60
533	710	186
1589	1761	364
0	50	0
313	438	51
524	706	177
1580	1904	360
3754	3804	685
0	1679	0
0	386	0
636	835	387
952	1065	587
1154	1272	701
1364	1487	820
1583	1733	944
1839	1941	1095
2039	2186	1198
2266	2445	1346
2786	2911	1526
3016	3217	1652
3364	3418	1854
3503	3712	1909
3995	4468	2119
4915	5496	2593
0	385	0
635	834	386
951	1064	586
1153	1271	700
1363	1486	819
1582	1732	943
1805	1940	1094
2038	2185	1230
2265	2444	1378
2785	2910	1558
3015	3216	1684
3363	3417	1886
3502	4467	1941
4914	5923	2907
0	381	0
631	830	382
947	1060	582
1200	1267	696
1359	1482	764
1578	1728	888
1801	1936	1039
2034	2181	1175
2261	2440	1323
2781	2906	1503
3011	3212	1629
3359	3413	1831
3498	3707	1886
3990	4403	2096
4910	5285	2510
0	381	0
631	830	382
947	1060	582
1149	1267	696
1359	1482	815
1578	1728	939
1801	1936	1090
2034	2181	1226
2261	2440	1374
2781	2906	1554
3011	3212	1680
3359	3413	1882
3498	3707	1937
3990	4403	2147
4910	5279	2561
5995	6047	2931
0	380	0
630	829	381
946	1059	581
1199	1266	695
1358	1481	763
1577	1727	887
1817	1935	1038
2033	2180	1157
2260	2439	1305
2780	2905	1485
3010	3211	1611
3358	3412	1813
3497	3565	1868
0	1059	0
1199	1266	1060
1358	1481	1128
1577	1935	1252
2033	2180	1611
2260	2905	1759
3010	3211	2405
3358	3412	2607
3497	5278	2662
5994	6045	4444
0	380	0
630	1059	381
1148	1266	811
1358	1481	930
1577	1935	1054
2033	2180	1413
2260	2439	1561
2780	2905	1741
3010	3211	1867
3358	3412	2069
3497	5278	2124
10227	10314	3906
0	370	0
620	1049	371
1138	1256	801
1348	1471	920
1567	1717	1044
1790	1925	1195
2023	2170	1331
2250	2429	1479
2770	2895	1659
3000	3201	1785
3348	3402	1987
3487	3659	2042
3979	4452	2215
4899	5268	2689
10217	10265	3059
0	148	0
2010	2039	149
2119	2298	179
2639	2760	359
0	53	0
220	274	54
359	826	109
0	318	0
3635	3976	319
0	83	0
1632	1680	84
2570	2668	133
2795	2915	232
0	72	0
267	390	73
1630	1678	197
2568	2666	246
2793	2909	345
0	373	0
1613	1661	374
2551	2649	423
2776	2890	522
0	354	0
1594	1836	355
0	52	0
1328	1376	53
2266	2364	102
2491	2602	201
0	99	0
1199	1247	100
2137	2235	149
2362	2463	248
0	273	0
1163	1261	274
1388	1503	373
0	133	0
0	554	0
681	771	555
0	44	0
660	991	45
2714	2946	377
3044	3109	610
3483	3692	676
4613	4673	886
4780	4941	947
5084	5216	1109
5400	5522	1242
5609	6659	1365
0	1025	0
1123	1188	1026
1562	1771	1092
2692	3295	1302
3479	3601	1906
3688	4384	2029
0	86	0
184	484	87
0	590	0
1511	1556	591
0	44	0
151	587	45
771	893	482
980	1675	605
0	229	0
6931	7064	230
9078	9249	364
0	207	0
350	482	208
666	789	341
0	207	0
734	989	208
0	122	0
2116	2567	123
0	120	0
2084	2626	121
2706	2783	664
0	109	0
2073	2615	110
2695	3195	653
0	211	0
1012	1524	212
1604	1702	725
0	179	0
950	979	180
1295	1492	210
1572	1790	408
0	22	0
964	1470	23
0	133	0
682	1194	134
1274	1385	647
1782	1962	759
2408	2554	940
2672	2759	1087
3043	3135	1175
3646	3717	1268
3957	4408	1340
0	853	0
933	1044	854
1441	1621	966
2067	2213	1147
2331	2418	1294
2702	2794	1382
2947	3113	1475
3305	3376	1642
3616	4067	1714
0	512	0
592	703	513
1100	1280	625
1726	1872	806
1990	2077	953
2361	2453	1041
2964	3035	1134
3275	3731	1206
0	305	0
385	716	306
893	1088	638
0	243	0
671	835	244
953	1040	409
1324	1998	497
2238	2688	1172
0	235	0
681	827	236
945	1408	383
1561	1990	847
2230	2680	1277
0	1988	0
2228	2678	1989
0	228	0
381	547	229
739	810	396
1050	1295	468
0	139	0
1101	1180	140
1643	1704	220
3176	3266	282
3364	3555	373
3882	3956	565
4363	4467	640
4573	4731	745
5055	5130	904
0	94	0
1598	1659	95
3131	3221	157
3319	3510	248
3837	3911	440
4297	4306	515
0	74	0
3111	3528	75
0	74	0
1578	1639	75
3111	3201	137
3299	3490	228
3817	3891	420
4298	4402	495
4508	4666	600
4990	5076	759
5181	5879	846
0	74	0
3111	3201	75
3299	3490	166
3817	3891	358
4298	4402	433
4508	4666	538
4990	5076	697
5181	5882	784
0	70	0
1578	1639	71
3111	3201	133
3299	3490	224
3817	3891	416
4298	4402	491
4508	4666	596
4990	5076	755
5181	5883	842
0	64	0
1572	1787	65
3105	3195	281
3293	3454	372
0	65	0
3102	3192	66
3290	3481	157
4289	4393	349
4499	4652	454
0	61	0
1569	1630	62
3102	3192	124
3290	3882	215
4289	4393	808
4499	4657	913
4981	5067	1072
5172	5869	1159
0	53	0
1561	1622	54
2051	2170	116
3094	3184	236
3282	3473	327
3800	3874	519
4281	4385	594
4491	4562	699
0	40	0
1544	1817	41
3077	3167	315
3265	3419	406
0	40	0
1472	1605	41
3077	3167	175
3265	3539	266
0	40	0
1544	1605	41
3077	3553	103
0	34	0
1538	1599	35
3071	3161	97
3259	3851	188
4258	4362	781
4468	4626	886
4950	5036	1045
5141	5843	1132
0	32	0
1536	1751	33
3069	3159	249
3257	3448	340
3775	3849	532
4256	4360	607
4466	4550	712
0	29	0
3066	3156	30
3254	4026	121
0	13	0
1521	1582	14
3054	3144	76
3242	3433	167
3760	3834	359
4241	4345	434
4451	4609	539
4933	5019	698
5124	5358	785
5436	5822	1020
0	55	0
1527	1617	56
1715	1906	147
2233	2307	339
2714	2818	414
2924	3076	519
3406	3492	672
3597	4262	759
0	267	0
1191	1281	268
1379	1564	359
0	130	0
869	959	131
1057	1248	222
1575	1649	414
2056	2160	489
2266	2319	594
0	602	0
700	809	603
0	551	0
657	815	552
1139	1213	711
0	249	0
2906	3124	250
5058	5173	469
0	187	0
1476	1651	188
0	759	0
2693	2808	760
0	103	0
7476	7555	104
19738	19929	184
21625	21699	376
22701	22802	451
22882	23013	553
23106	23189	685
23750	24005	769
0	91	0
4377	4476	92
19726	19917	192
21613	21687	384
22689	22790	459
22870	23001	561
23094	23177	693
23738	24292	777
0	63	0
4349	4448	64
7436	7515	164
19698	19889	244
21585	21659	436
22661	22762	511
22842	22973	613
23066	23149	745
23710	24259	829
0	109	0
4260	4359	110
7347	7426	210
19609	19800	290
21496	21570	482
22572	22673	557
22753	22884	659
22977	23060	791
23621	24175	875
0	414	0
3855	3985	415
6973	7052	546
19235	19426	626
0	330	0
3862	3961	331
19211	19402	431
21098	21172	623
22174	22275	698
22355	22414	800
0	105	0
3120	3219	106
6207	6286	206
18469	18660	286
20356	20430	478
21432	21533	553
21613	21744	655
21837	21920	787
22481	23035	871
0	69	0
6171	6250	70
18433	18624	150
20320	20394	342
21396	21497	417
21577	21708	519
21801	21884	651
22445	22740	735
0	33	0
3048	3147	34
18397	18588	134
20284	20358	326
21360	21461	401
21541	21672	503
21765	21848	635
22409	22523	719
0	141	0
2755	2854	142
5842	5921	242
18104	18295	322
19991	20065	514
21067	21168	589
21248	21379	691
21472	21555	823
22116	22670	907
0	103	0
3091	3170	104
15353	15637	184
0	103	0
3091	3170	104
17240	17456	184
0	103	0
3091	3170	104
17240	17314	184
18316	18417	259
18497	18628	361
18721	18745	493
0	103	0
3091	3170	104
15353	15544	184
17240	17314	376
18497	18628	451
18721	18804	583
19365	19579	667
0	103	0
3091	3170	104
17240	18628	184
18721	18804	1573
19365	19912	1657
0	123	0
1478	1557	124
13740	13931	204
15627	15701	396
16703	16804	471
16884	17015	573
17108	17191	705
17752	18301	789
0	551	0
12734	12925	552
14621	14695	744
15697	15798	819
15878	16009	921
16102	16185	1053
16746	17295	1137
0	1811	0
2667	2915	1812
0	32	0
253	2055	33
2140	2214	1836
3216	3317	1911
3397	3528	2013
3621	3704	2145
4265	4812	2229
0	396	0
2092	2166	397
3168	3269	472
3349	3480	574
0	1239	0
2241	2553	1240
2646	2729	1553
3290	3839	1637
0	2097	0
2262	2304	2098
2560	2640	2141
15289	15444	2222
16209	16310	2378
25568	25660	2480
31481	31542	2573
32145	32251	2635
33077	33121	2742
34339	34471	2787
35103	35252	2920
36847	37000	3070
42916	42951	3224
0	2096	0
2261	2303	2097
2559	2639	2140
15288	15443	2221
16208	16309	2377
25567	25659	2479
31480	31541	2572
32144	32250	2634
33076	33120	2741
34338	34470	2786
35102	35251	2919
35844	35918	3069
36846	36956	3144
0	2096	0
2261	2303	2097
2559	2639	2140
15288	15443	2221
16208	16309	2377
25567	25659	2479
31480	31541	2572
32144	32250	2634
33076	33120	2741
34338	34470	2786
35102	35251	2919
36846	36999	3069
46885	47198	3223
0	276	0
819	950	277
1463	1561	409
1726	1768	508
2024	2091	551
0	276	0
1463	1561	277
1726	1768	376
2024	2104	419
14753	14854	500
0	272	0
815	1557	273
1722	1764	1016
2020	2100	1059
14749	14779	1140
0	194	0
359	401	195
657	737	238
13386	13541	319
14306	14407	475
29578	29639	577
30242	30348	639
31174	31218	746
32436	32568	791
33200	33349	924
34944	35097	1074
41013	41073	1228
0	193	0
358	400	194
656	736	237
13385	13540	318
14305	14406	474
23664	23756	576
29577	29638	669
30241	30347	731
31173	31217	838
32435	32567	883
33199	33348	1016
33941	34015	1166
34943	35096	1241
41012	41047	1395
0	189	0
354	396	190
652	732	233
13381	13536	314
14301	14402	470
23660	23752	572
29573	29634	665
30237	30343	727
31169	31213	834
32431	32563	879
33195	33344	1012
34939	35092	1162
38775	38878	1316
41008	41064	1420
0	176	0
341	383	177
639	971	220
0	41	0
297	377	42
13078	13181	123
13946	14041	227
0	70	0
12729	12884	71
23008	23100	227
28921	28982	320
29585	29691	382
30517	30561	489
31779	31911	534
32543	32692	667
34287	34445	817
0	188	0
8426	8557	189
0	187	0
820	975	188
1740	1841	344
11099	11191	446
17012	17073	539
17676	17782	601
18608	18652	708
19870	19994	753
0	323	0
1088	1171	324
0	157	0
922	1023	158
10281	10327	260
19080	19184	307
19816	19965	412
21560	21713	562
25396	25513	716
0	101	0
9359	9451	102
15272	15333	195
15936	16042	257
16868	16912	364
18080	18262	409
18894	19043	592
20638	20791	742
24474	24596	896
0	48	0
651	757	49
1583	1627	156
2845	2977	201
3609	3758	334
4303	4400	484
5353	5506	582
9189	9292	736
11288	11438	840
0	133	0
765	914	134
2509	2662	284
12548	12861	438
0	95	0
727	876	96
2471	2624	246
6307	6410	400
12512	12585	504
0	85	0
717	866	86
2461	2614	236
8396	8576	390
0	140	0
1735	1888	141
5244	5325	295
5571	5674	377
7804	7845	481
0	158	0
9822	10100	159
0	122	0
9567	10037	123
0	56	0
34556	34624	57
45288	45430	126
47181	47374	269
52214	52343	463
56317	56418	593
59764	59872	695
0	279	0
33628	33696	280
44360	44502	349
46253	46446	492
51286	51415	686
55389	55490	816
58836	58944	918
59623	59773	1027
60976	61144	1178
62743	62880	1347
66694	66876	1485
67475	67572	1668
67945	68176	1766
68263	68436	1998
74623	74789	2172
77913	77995	2339
80719	80808	2422
82203	82326	2512
83291	83407	2636
83519	83588	2753
83874	84008	2823
84739	86436	2958
0	218	0
30916	31112	219
33567	33635	416
44299	44441	485
46192	46385	628
51225	51354	822
55328	55429	952
58775	58883	1054
0	218	0
33567	33635	219
44299	44441	288
46192	46385	431
51225	51354	625
55328	55429	755
58775	58883	857
59565	59712	966
60915	61083	1114
62682	62819	1283
66633	66815	1421
67414	67511	1604
67884	68115	1702
68202	68375	1934
74562	74728	2108
77852	77934	2275
80658	80747	2358
82142	82265	2448
83230	83346	2572
83458	83527	2689
83813	83947	2759
84678	86370	2894
0	128	0
46346	46383	129
51223	51352	167
55326	55427	297
58773	58881	399
59563	59605	508
0	208	0
33557	33625	209
44289	44431	278
46182	46375	421
51215	51344	615
55318	55419	745
58765	58873	847
59555	59702	956
83920	83937	1104
84668	85039	1122
0	188	0
33537	33605	189
44269	44411	258
46162	46355	401
51195	51324	595
55298	55399	725
58745	58853	827
59532	59682	936
60885	61053	1087
62652	62789	1256
66603	66785	1394
67384	67481	1577
67854	68085	1675
68172	68345	1907
77822	77904	2081
80628	80717	2164
82112	82235	2254
83200	83316	2378
83428	83497	2495
83783	83917	2565
84648	85019	2700
0	188	0
33537	33605	189
44269	44411	258
46162	46355	401
51195	51324	595
55298	55399	725
58745	58853	827
59535	59682	936
60885	61053	1084
62652	62789	1253
66603	66785	1391
67384	67481	1574
67854	68085	1672
68172	68345	1904
77822	77904	2078
80628	80717	2161
82112	82235	2251
83200	83316	2375
83428	83497	2492
83754	83917	2562
84648	86306	2726
0	188	0
33537	33605	189
44269	44411	258
46162	46355	401
51195	51324	595
55298	55399	725
58745	58853	827
59535	59682	936
60885	61053	1084
62652	62789	1253
66603	66785	1391
67384	67481	1574
67854	68085	1672
68172	68345	1904
77822	77904	2078
80628	80717	2161
82112	82235	2251
83200	83316	2375
83428	83497	2492
83783	86326	2562
0	188	0
33537	33605	189
44269	44411	258
46162	46355	401
51195	51324	595
55298	55399	725
58745	58853	827
59535	59682	936
60885	61053	1084
62652	62789	1253
66603	66785	1391
67384	67481	1574
67854	68085	1672
68172	68345	1904
77822	77904	2078
80628	80717	2161
82112	82235	2251
83200	83316	2375
83428	83497	2492
83783	83917	2562
84648	86326	2697
0	143	0
33492	33560	144
67918	68040	213
68127	68300	336
74487	74653	510
77777	77859	677
0	90	0
26750	26818	91
37482	37624	160
39375	39568	303
44408	44537	497
48511	48612	627
51958	52066	729
0	42	0
25882	25950	43
36614	36756	112
38507	38700	255
43540	43669	449
47643	47744	579
51090	51198	681
0	159	0
18702	18770	160
29434	29576	229
31327	31520	372
36360	36489	566
40463	40564	696
43910	44018	798
0	115	0
17158	17226	116
27890	28032	185
29783	29976	328
34816	34945	522
38919	39020	652
42366	42474	754
0	214	0
16337	16405	215
27069	27211	284
28962	29155	427
33995	34124	621
38098	38199	751
41545	41653	853
0	502	0
12976	13044	503
23708	23850	572
25601	25794	715
30634	30763	909
34737	34838	1039
38184	38292	1141
0	103	0
0	562	0
1241	1391	563
2594	2906	714
0	198	0
1401	1462	199
0	44	0
1247	1415	45
3014	3289	214
0	692	0
1291	1388	693
1761	1832	791
0	161	0
4368	4534	162
7658	7740	329
10464	10553	412
11948	12071	502
13036	13152	626
0	35	0
3159	3241	36
5965	6054	119
7449	7572	209
8465	8653	333
8765	8834	522
9120	9254	592
9985	10358	727
0	118	0
2396	2478	119
5202	5291	202
6686	6809	292
7774	7890	416
8002	8040	533
0	2158	0
4882	4971	2159
6366	6489	2249
7454	7570	2373
7682	7751	2490
8037	10580	2560
0	1036	0
3760	3849	1037
5244	5367	1127
6260	6448	1251
6560	6629	1440
6915	7049	1510
7780	9428	1645
0	567	0
3291	3380	568
4775	4898	658
5863	5979	782
6091	6160	899
6446	6580	969
7311	8989	1104
0	72	0
2796	3308	73
0	1832	0
3227	3350	1833
4315	4431	1957
4543	4612	2074
4898	7441	2144
0	1329	0
2726	2847	1330
3812	3928	1452
4040	4109	1569
4395	4529	1639
5260	6916	1774
0	2941	0
3053	3122	2942
3408	3542	3012
4273	5929	3147
0	2751	0
2863	2932	2752
3218	5731	2822
0	73	0
1468	1738	74
0	1146	0
2111	2227	1147
2339	2408	1264
2694	2828	1334
3559	5237	1469
0	54	0
1019	1135	55
1254	1316	172
1602	1736	235
2467	2553	370
0	113	0
399	533	114
1264	1637	249
0	810	0
1076	1178	811
2939	5947	914
6452	6673	3923
7267	7434	4145
7861	7911	4313
8392	8454	4364
10686	10829	4427
11124	11280	4571
12021	12260	4728
12359	12544	4968
12982	13092	5154
13177	13318	5265
13504	13655	5407
14118	14227	5559
14318	14370	5669
14445	14694	5722
14862	14994	5972
15142	15236	6105
15403	15564	6200
15823	15960	6362
16066	16138	6500
16223	16327	6573
16405	16543	6678
16672	16792	6817
17390	17512	6938
17750	17957	7061
18124	18233	7269
18346	18436	7379
18784	18910	7470
18990	19230	7597
20190	20252	7838
23781	23895	7901
0	160	0
323	425	161
2289	2680	264
0	352	0
779	829	353
0	114	0
194	434	115
1394	1590	356
0	82	0
1743	1963	83
4359	4512	304
5234	5869	458
0	3138	0
0	102	0
776	1046	103
2579	2693	374
3077	3167	489
3248	3357	580
3437	3647	690
6787	6912	901
7410	7527	1027
7606	7744	1145
8003	8113	1284
8202	8271	1395
8550	8687	1465
8778	8942	1603
9416	9510	1768
9717	9843	1863
10193	10448	1990
10679	10731	2246
10870	10970	2299
11371	11522	2400
11860	11998	2552
12880	12990	2691
13072	13251	2802
13383	13622	2982
14634	14790	3222
15067	15198	3379
15889	16036	3511
17524	17567	3659
17969	18172	3703
18659	18676	3907
19267	19550	3925
0	102	0
776	1046	103
2579	2693	374
3077	3167	489
3248	3357	580
3437	3647	690
6787	6912	901
7410	7527	1027
7606	7744	1145
8003	8113	1284
8202	8271	1395
8550	8687	1465
8778	8942	1603
9416	9510	1768
9717	9843	1863
10193	10448	1990
10679	10731	2246
10870	10970	2299
11371	11522	2400
11860	11998	2552
12880	12990	2691
13072	13251	2802
13383	13622	2982
14634	14790	3222
15067	15198	3379
15889	16036	3511
17524	17567	3659
17969	18172	3703
18659	18676	3907
19267	25150	3925
25882	26079	9809
26348	26571	10007
26881	27055	10231
27542	27789	10406
28399	28582	10654
28906	29134	10838
29858	30036	11067
30428	30497	11246
30636	30736	11316
30981	31012	11417
32211	32388	11449
32775	32879	11627
33129	33169	11732
33298	33420	11773
33673	33771	11896
34406	34534	11995
34772	34811	12124
35026	35152	12164
35261	35636	12291
0	255	0
987	1184	256
1453	1676	454
1986	2160	678
2647	2894	853
3504	3687	1101
4011	4239	1285
4963	5141	1514
5533	5602	1693
5741	5841	1763
6086	6117	1864
7316	7493	1896
7880	7984	2074
8234	8274	2179
8403	8525	2220
8778	8876	2343
9511	9639	2442
9877	9916	2571
10131	10257	2611
10366	10738	2738
0	119	0
2659	2736	120
3574	3633	198
3954	4215	258
4579	4693	520
5002	5092	635
5929	6038	726
6153	6366	836
6454	6579	1050
7349	7466	1176
7669	7807	1294
9924	10034	1433
10530	10599	1544
10689	10826	1614
10909	11073	1752
14476	14570	1917
16543	16669	2012
16929	17184	2139
17265	17317	2395
18198	18298	2448
18561	18712	2549
18975	19113	2701
19278	19391	2840
19501	19680	2954
20491	20730	3134
21139	21295	3374
22069	22197	3531
22401	22563	3660
23186	23229	3823
23318	23506	3867
24202	34572	4056
34830	35029	14427
35532	35706	14627
36157	36407	14802
36534	36717	15053
37059	37326	15237
37923	38101	15505
38435	38522	15684
38664	38767	15772
38924	38955	15876
39515	39686	15908
39950	40051	16080
40315	40352	16182
40921	41043	16220
41134	41232	16343
41418	41537	16442
41742	41811	16562
41902	42016	16632
42485	43185	16747
0	658	0
1460	1712	659
0	127	0
2615	2671	128
3139	3210	185
3549	3810	257
3965	4079	519
4242	4332	634
4609	4715	725
5498	5699	832
6104	6229	1034
6624	6741	1160
6939	7077	1278
7424	7534	1417
7870	7939	1528
8357	8494	1598
8930	9094	1736
9384	9478	1901
9578	9704	1996
9947	10202	2123
10727	10782	2379
11139	11239	2435
11463	11614	2536
12019	12157	2688
12237	12347	2827
13320	13496	2938
13859	14098	3115
15805	16475	3355
0	127	0
2615	2671	128
3139	3210	185
3549	3810	257
3965	4079	519
4242	4332	634
4609	4715	725
5498	5699	832
6104	6229	1034
6624	6741	1160
6939	7077	1278
7424	7534	1417
7870	7939	1528
8357	8494	1598
8930	9094	1736
9384	9478	1901
9578	9704	1996
9947	10202	2123
10727	10782	2379
11139	11239	2435
11463	11614	2536
12019	12157	2688
12237	12347	2827
13320	13496	2938
13859	14098	3115
15805	15961	3355
16372	16500	3512
16733	16877	3641
16979	17022	3786
17112	17309	3830
17785	28677	4028
29277	29458	14921
29743	29914	15103
31026	31285	15275
31628	31814	15535
31975	32200	15722
32317	32492	15948
33090	33159	16124
33605	33705	16194
34174	34205	16295
34464	34644	16327
35033	35137	16508
35264	35301	16613
35876	35995	16651
36690	36776	16771
36897	37019	16858
37285	37327	16981
37560	37662	17024
38323	39106	17127
0	245	0
650	775	246
1170	1243	372
0	377	0
7360	7415	378
0	65	0
0	84	0
473	577	85
704	741	190
1316	1435	228
2130	2216	348
4392	4417	435
0	319	0
440	562	320
0	2882	0
11631	11721	2883
14253	14405	2974
15856	16038	3127
21274	21423	3310
35095	35261	3460
0	2881	0
11630	11720	2882
14252	14404	2973
15855	16037	3126
21273	21422	3309
28212	28418	3459
0	2880	0
11629	11719	2881
14251	14403	2972
21272	21421	3125
35093	35246	3275
0	1600	0
10349	10439	1601
12971	13123	1692
14574	14756	1845
19992	20078	2028
33834	34001	2115
0	436	0
6466	6780	437
9185	9275	752
11807	11959	843
13410	13592	996
32649	32766	1179
0	240	0
18632	18781	241
32453	32610	391
0	98	0
8847	8937	99
11469	11621	190
13072	13254	343
32311	32468	526
0	140	0
1591	1773	141
3190	3534	324
0	314	0
5550	5699	315
19371	19495	465
0	278	0
4730	4879	279
18551	18682	429
0	417	0
14089	14246	418
0	55	0
10084	10455	56
0	415	0
11317	11495	416
0	938	0
0	2990	0
3255	3379	2991
3652	3818	3116
0	403	0
10356	10449	404
12319	12488	498
12595	12658	668
13202	13927	732
0	476	0
46141	46235	477
48407	48492	572
50889	51029	658
52591	52707	799
53207	53240	916
53436	53504	950
53590	53736	1019
55072	55103	1166
55395	55559	1198
55672	55769	1363
55858	56008	1461
59877	59937	1612
60688	60895	1673
61472	61520	1881
64586	64709	1930
66449	66629	2054
66699	66788	2235
69293	69340	2325
71071	72786	2373
0	474	0
46139	46233	475
48405	48490	570
50887	51027	656
52589	52705	797
53205	53238	914
53434	53502	948
53588	53734	1017
55070	55101	1164
55393	55557	1196
55670	55767	1361
55856	56006	1459
59875	59935	1610
60686	60893	1671
61470	61518	1879
64584	64707	1928
66447	66627	2052
66697	66786	2233
67054	67148	2323
69291	69338	2418
71069	71813	2466
0	474	0
46139	46233	475
48405	48490	570
50887	51027	656
52589	52705	797
53205	53238	914
53434	53502	948
53588	53734	1017
55070	55101	1164
55393	55557	1196
55670	55767	1361
55856	56006	1459
59875	59935	1610
60686	60893	1671
61470	61518	1879
64584	64707	1928
66447	66627	2052
66697	66786	2233
67054	67148	2323
71069	71813	2418
0	441	0
46106	46200	442
48372	48457	537
50854	50994	623
52556	52672	764
53172	53205	881
53401	53469	915
53555	53701	984
55037	55068	1131
55360	55524	1163
55637	55734	1328
55823	55973	1426
59842	59902	1577
60653	60860	1638
61437	61485	1846
64551	64674	1895
66414	66594	2019
66664	66753	2200
69258	69305	2290
70566	72755	2338
0	90	0
45755	45849	91
48021	48106	186
50503	50643	272
52205	52321	413
52821	52854	530
53050	53118	564
53204	53350	633
54686	54717	780
55009	55173	812
55286	55383	977
55472	55622	1075
57513	57578	1226
59491	59551	1292
60302	60509	1353
61086	61134	1561
64200	64323	1610
66063	66243	1734
66313	66402	1915
66670	66755	2005
0	231	0
26640	26734	232
28906	28991	327
31388	31528	413
33090	33116	554
0	100	0
26281	26375	101
28547	28632	196
31029	31169	282
32731	32847	423
33347	33380	540
33576	33581	574
0	463	0
25597	25691	464
27863	27948	559
30345	30485	645
32047	32163	786
32663	32696	903
32892	32960	937
33046	33192	1006
34528	34559	1153
34851	35015	1185
35128	35225	1350
35314	35464	1448
39333	39393	1599
40144	40351	1660
40928	40976	1868
44042	44165	1917
45905	46085	2041
46155	46244	2222
46512	46606	2312
50527	51647	2407
0	481	0
24888	24982	482
27154	27239	577
29636	29776	663
31338	31454	804
31954	31987	921
32183	32251	955
32337	32483	1024
33819	33850	1171
34142	34306	1203
34419	34516	1368
34605	34755	1466
38624	38684	1617
39435	39642	1678
40219	40267	1886
43333	43456	1935
45196	45376	2059
45446	45535	2240
48040	48087	2330
49396	50593	2378
0	129	0
1691	1807	130
2307	2340	247
2536	2604	281
2690	2836	350
4495	4659	497
4772	4869	662
4958	5108	760
8977	9037	911
9788	9995	972
10572	10620	1180
13686	13809	1229
15549	15729	1353
15799	15888	1534
16156	16250	1624
18393	18440	1719
20171	20337	1767
0	161	0
661	694	162
890	958	196
1044	1190	265
2849	3013	412
3126	3148	577
0	136	0
713	761	137
3827	3950	186
5690	5870	310
5940	6029	491
6297	6391	581
8534	8581	676
10312	11429	724
0	109	0
686	734	110
3800	3923	159
5663	5843	283
5913	6002	464
8507	8551	554
10285	12004	599
0	770	0
2510	2690	771
2760	2849	952
3117	3211	1042
5354	5401	1137
7132	7902	1185
0	181	0
1921	2101	182
2171	2260	363
4765	5020	453
0	91	0
711	3050	92
0	1031	0
1838	3979	1032
0	1031	0
1838	1962	1032
10936	11029	1157
11268	11428	1251
16990	17322	1412
0	243	0
1050	1174	244
10148	10241	369
10480	10640	463
0	114	0
9088	9580	115
0	306	0
0	220	0
555	920	221
