chr11	121427	125577	2	2	1	4	0	16
chr11	127649	129571	2	2	1	1	0	4
chr11	131374	131466	2	2	1	6	1	17
chr11	131525	133587	2	2	1	10	0	18
chr11	133779	134563	2	2	1	3	0	11
chr11	133779	138046	2	2	1	1	0	12
chr11	134797	134889	2	2	1	0	1	7
chr11	134948	135174	2	2	1	3	1	15
chr11	134948	138046	2	2	1	0	1	12
chr11	138112	138955	2	2	1	10	0	14
chr11	167885	168942	2	2	1	8	0	16
chr11	169053	180208	2	2	1	12	0	18
chr11	205470	205610	2	2	1	1	1	7
chr11	205668	205951	2	2	1	17	0	12
chr11	206039	207302	2	2	0	4	0	15
chr11	206044	207006	2	2	1	0	28	4
chr11	206044	207302	2	2	1	39	29	17
chr11	208939	209174	1	1	1	2	0	4
chr11	208939	209270	1	1	1	12	0	15
chr11	209319	209406	1	1	1	5	0	14
chr11	210001	210570	1	1	1	5	0	14
chr11	210663	211198	1	1	1	4	0	17
chr11	211350	212415	1	1	1	17	0	17
chr11	212512	212614	1	1	1	6	0	17
chr11	212760	212836	1	1	1	25	0	17
chr11	212982	213298	1	1	1	17	0	18
chr11	213419	214205	1	1	1	2	0	11
chr11	213419	214229	1	1	1	4	0	6
chr11	216719	218831	2	2	1	5	0	12
chr11	219042	224077	2	2	1	4	0	15
chr11	224240	230451	2	2	1	1	0	3
chr11	230553	232982	2	2	1	1	0	8
chr11	233216	233342	2	2	1	5	0	9
chr11	233535	236047	2	2	1	2	0	3
chr11	233535	236193	2	2	1	11	0	14
chr11	237145	238997	1	1	1	6	2	14
chr11	239077	244040	1	1	1	7	0	9
chr11	244076	244160	1	1	1	7	3	16
chr11	244217	244425	1	1	1	26	0	17
chr11	244470	244674	1	1	1	23	0	17
chr11	244762	247276	1	1	1	27	0	16
chr11	247449	248775	1	1	1	8	0	17
chr11	248856	248931	1	1	1	2	0	7
chr11	249058	250802	1	1	1	15	0	15
chr11	250866	251545	1	1	1	22	0	17
chr11	251627	251819	1	1	1	7	0	14
chr11	251937	252504	1	1	1	18	0	18
chr11	268280	308320	2	2	0	0	1	12
chr11	290601	290677	1	1	1	4	0	16
chr11	291114	291975	1	1	1	2	0	11
chr11	292096	292545	1	1	1	3	0	18
chr11	292998	293162	1	1	1	1	0	11
chr11	293236	293365	1	1	1	7	0	12
chr11	293503	293593	1	1	1	2	0	12
chr11	293728	293829	1	1	1	4	0	16
chr11	293926	294098	1	1	1	5	0	15
chr11	294197	294266	1	1	1	2	0	17
chr11	294479	294555	1	1	1	2	0	3
chr11	307215	308230	1	1	1	1	0	4
chr11	308439	309012	1	1	1	4	13	13
chr11	308439	309017	1	1	1	1	0	8
chr11	308439	309023	1	1	1	0	1	3
chr11	308439	314921	1	1	1	0	13	11
chr11	308475	309012	1	1	1	1	3	10
chr11	308475	309017	1	1	1	3	0	4
chr11	308890	309012	1	1	1	1	1	10
chr11	308890	309017	1	1	1	5	0	3
chr11	309057	314047	2	2	0	2	0	12
chr11	309185	309252	1	3	1	23	6	16
chr11	311341	313996	1	3	1	1	0	3
chr11	313421	314191	1	1	1	1	0	3
chr11	314342	314963	1	3	1	2	0	3
chr11	314357	314673	1	1	1	1	0	10
chr11	314357	314921	1	1	1	20	26	16
chr11	314357	314926	1	1	1	1	1	14
chr11	314393	314921	1	1	1	0	3	10
chr11	314810	314921	1	1	1	0	2	9
chr11	319986	320564	2	2	1	1	1	8
chr11	319991	320112	2	2	1	0	1	9
chr11	319991	320564	2	2	1	50	20	17
chr11	320354	320748	2	4	1	1	0	4
chr11	372948	373025	1	1	1	1	0	17
chr11	373517	373749	1	1	1	1	0	7
chr11	373829	375460	1	1	1	1	0	6
chr11	375528	375638	1	1	1	6	0	14
chr11	375774	375846	1	1	1	2	0	4
chr11	375957	376073	1	1	1	2	0	8
chr11	376175	376250	1	1	1	3	0	15
chr11	376352	376420	1	1	1	3	0	15
chr11	377328	379417	1	1	1	3	0	15
chr11	380020	380129	1	1	1	2	0	13
chr11	380203	380291	1	1	1	1	0	9
chr11	380446	380824	1	1	1	4	0	9
chr11	394184	394328	1	1	1	2	0	15
chr11	394525	396607	1	1	1	7	0	15
chr11	397663	398991	1	1	1	2	1	11
chr11	399197	399966	1	1	1	3	0	11
chr11	400142	400333	1	1	1	6	0	10
chr11	400452	400534	1	1	1	3	0	18
chr11	400706	403077	1	1	1	3	0	15
chr11	403264	403617	1	1	1	4	0	7
chr11	403772	403942	1	1	1	4	0	16
chr11	404136	404235	1	1	1	3	0	9
chr11	404324	404533	1	1	1	3	0	10
chr11	406060	406141	2	2	1	1	0	9
chr11	406060	406348	2	2	1	7	0	16
chr11	406539	406842	2	2	1	4	2	14
chr11	406539	407061	2	2	1	0	1	3
chr11	406994	407061	2	2	1	6	0	3
chr11	407165	407424	2	2	1	9	0	17
chr11	407569	407816	2	2	1	5	0	14
chr11	407958	408072	2	2	1	6	0	17
chr11	408207	408694	2	2	1	2	0	11
chr11	408894	409867	2	2	1	6	0	17
chr11	410028	417324	2	2	1	4	0	18
chr11	418590	418719	2	2	1	1	0	15
chr11	418990	419581	2	2	1	1	0	5
chr11	428640	428721	2	2	1	1	0	9
chr11	429653	429757	2	2	1	2	0	15
chr11	430180	430268	2	2	1	2	0	5
chr11	430404	431693	2	2	1	2	0	13
chr11	431907	431998	2	2	1	1	0	12
chr11	433938	434023	2	2	1	1	0	3
chr11	479153	486938	1	1	1	1	0	5
chr11	487074	487419	1	1	1	3	0	16
chr11	488313	488528	1	1	1	4	0	15
chr11	488648	489399	1	1	1	7	0	15
chr11	489734	489882	1	1	1	1	0	9
chr11	490069	490419	1	1	1	1	0	13
chr11	494779	494882	2	2	1	35	0	16
chr11	495054	497970	2	2	1	21	3	17
chr11	498142	498456	2	2	1	12	0	16
chr11	498628	498762	2	2	1	10	0	16
chr11	498934	499014	2	2	1	25	2	18
chr11	499186	499828	2	2	1	5	0	12
chr11	500000	500483	2	2	1	9	0	16
chr11	500655	502061	2	2	1	31	1	18
chr11	502182	504426	2	2	1	1	0	2
chr11	502182	504823	2	2	1	4	0	15
chr11	502182	507112	2	2	1	8	0	16
chr11	504997	506608	2	2	1	12	0	17
chr11	504997	507112	2	2	1	8	0	15
chr11	527237	546503	1	1	0	0	1	17
chr11	532523	532630	2	2	1	4	0	12
chr11	532708	556142	1	1	0	0	1	13
chr11	532756	533276	2	2	1	4	0	6
chr11	532756	533452	2	2	1	2	0	12
chr11	533359	533452	2	2	1	1	0	7
chr11	533613	533765	2	2	1	2	1	12
chr11	533945	534211	2	2	1	2	0	17
chr11	534376	535415	2	2	1	15	0	18
chr11	537606	538597	1	1	1	2	0	15
chr11	538861	539579	1	1	1	7	0	8
chr11	539727	540673	1	1	1	1	3	14
chr11	541625	544719	1	1	1	5	0	16
chr11	544781	549901	1	1	1	7	0	16
chr11	549999	550071	1	1	1	4	0	13
chr11	550273	551130	1	1	1	5	0	10
chr11	551303	551650	1	1	1	3	0	18
chr11	551828	551902	1	1	1	1	0	15
chr11	551968	552089	1	1	1	5	0	15
chr11	552233	552568	1	1	1	9	0	18
chr11	552703	553962	1	1	1	3	0	8
chr11	555504	555733	2	2	1	3	0	16
chr11	557641	557883	2	2	1	1	0	12
chr11	557727	570271	1	3	0	1	0	15
chr11	558980	559346	2	2	1	0	2	3
chr11	558980	559968	2	2	1	0	2	3
chr11	559477	559778	1	1	1	1	0	9
chr11	559499	560682	2	2	1	2	0	7
chr11	561034	561761	1	1	1	2	2	7
chr11	561478	561761	1	1	1	5	2	7
chr11	561893	562078	1	1	1	9	0	13
chr11	562777	563188	1	1	1	14	1	14
chr11	563318	563395	1	1	1	8	0	14
chr11	563318	563557	1	1	1	2	0	9
chr11	563479	563557	1	1	1	9	0	15
chr11	570445	602435	2	2	0	0	1	16
chr11	576593	581491	1	1	1	18	0	17
chr11	581598	581961	1	1	0	1	0	16
chr11	581607	581961	1	1	1	6	0	17
chr11	581607	581964	1	1	1	2	0	10
chr11	582082	587258	1	1	1	9	0	10
chr11	587465	591383	1	1	1	6	0	18
chr11	591468	592558	1	1	1	3	0	7
chr11	592675	596922	1	1	1	3	1	11
chr11	597021	597394	1	1	1	14	0	17
chr11	597571	598372	1	1	1	37	0	18
chr11	598503	601573	1	1	1	32	0	18
chr11	601702	605118	1	1	1	6	0	16
chr11	605301	605604	1	1	1	7	0	15
chr11	605725	606441	1	1	1	7	0	13
chr11	606597	607065	1	1	1	7	0	13
chr11	609721	610195	1	1	1	12	0	18
chr11	610348	610500	1	1	1	7	0	15
chr11	610762	610953	1	1	1	8	1	17
chr11	611083	611633	1	1	1	27	1	17
chr11	613568	653893	1	1	0	1	0	18
chr11	613596	613784	2	2	1	3	0	12
chr11	614038	614475	2	2	1	3	0	8
chr11	614535	614796	2	2	1	3	0	18
chr11	615008	615096	2	2	1	1	0	3
chr11	615260	615344	2	2	1	1	0	6
chr11	615648	615912	2	2	1	1	0	4
chr11	619989	658616	1	3	0	0	1	12
chr11	626790	626887	2	2	1	1	0	4
chr11	644655	653961	2	2	1	15	0	16
chr11	647325	675054	1	1	0	0	1	17
chr11	654052	674535	2	2	1	6	0	12
chr11	674784	678693	2	2	1	5	0	13
chr11	678823	679687	2	2	1	2	2	12
chr11	679817	680962	2	2	1	4	2	16
chr11	679817	684897	2	2	0	2	0	15
chr11	681090	684897	2	2	1	4	0	17
chr11	684964	686857	2	2	1	1	0	10
chr11	686998	687910	2	2	1	8	0	16
chr11	688461	691500	2	2	1	4	0	14
chr11	691599	694758	2	4	1	4	0	10
chr11	698000	706571	2	2	1	1	1	11
chr11	700236	700614	1	1	1	1	0	15
chr11	700708	702944	1	1	1	2	0	18
chr11	703147	703799	1	1	1	2	0	3
chr11	706289	709329	1	1	1	4	0	11
chr11	706802	709329	1	1	1	1	0	4
chr11	709452	709552	1	1	1	8	0	16
chr11	709609	710421	1	1	1	13	1	17
chr11	710487	720061	1	1	1	23	0	17
chr11	720224	720596	1	1	1	12	0	13
chr11	720627	721651	1	1	0	0	1	12
chr11	720747	720829	1	1	1	18	0	18
chr11	720910	721063	1	1	1	42	1	16
chr11	721207	721284	1	1	1	25	0	17
chr11	721353	721564	1	1	1	21	0	16
chr11	721692	721902	1	1	1	7	0	14
chr11	721992	722090	1	1	1	4	1	15
chr11	722166	722400	1	1	1	4	0	12
chr11	722550	722672	1	1	1	11	0	13
chr11	722806	723240	1	1	1	28	0	16
chr11	723354	724723	1	1	1	15	3	16
chr11	724830	725727	1	1	1	4	0	16
chr11	725848	726097	1	1	1	8	0	16
chr11	726171	726303	1	1	1	42	0	17
chr11	726485	726618	1	1	1	8	0	18
chr11	726752	726900	1	1	1	21	1	12
chr11	727055	727356	1	1	1	4	0	10
chr11	747579	755878	1	1	1	43	1	17
chr11	752474	755878	1	1	1	1	1	5
chr11	756003	758949	1	1	1	84	6	17
chr11	759058	760121	1	1	1	10	0	15
chr11	760254	763343	1	1	1	9	0	17
chr11	763520	763746	1	1	1	6	0	17
chr11	763665	811596	1	1	0	2	0	14
chr11	763945	764287	1	1	1	20	0	15
chr11	764434	764812	1	1	1	48	1	16
chr11	764447	764812	1	1	1	1	0	13
chr11	770399	770992	2	2	1	3	0	15
chr11	770904	770992	2	2	1	3	0	16
chr11	771213	771332	2	2	1	0	1	4
chr11	771427	772426	2	2	1	4	1	16
chr11	771999	809991	1	1	0	0	1	12
chr11	772522	773521	2	2	1	1	0	5
chr11	773630	774007	2	2	1	5	0	18
chr11	774114	775065	2	2	1	4	0	13
chr11	774114	777398	2	2	1	0	1	13
chr11	774493	810297	1	1	0	1	0	12
chr11	778219	783529	1	1	1	1	0	9
chr11	783672	784023	1	1	1	2	0	14
chr11	790062	824737	2	2	0	0	1	13
chr11	792069	792141	2	2	1	3	0	14
chr11	792459	792552	2	2	1	2	0	16
chr11	792728	792869	2	2	1	1	0	7
chr11	793620	794457	2	2	1	1	0	4
chr11	794514	794775	2	2	1	1	0	15
chr11	795170	796042	2	2	1	1	0	13
chr11	799566	799814	2	2	1	6	1	17
chr11	800245	800332	2	2	1	2	0	10
chr11	800452	800542	2	2	1	1	0	8
chr11	800667	800761	2	2	1	1	0	13
chr11	800913	800984	2	2	1	1	0	14
chr11	801366	801444	2	2	1	2	0	14
chr11	802091	802194	2	4	1	1	0	17
chr11	810040	810233	1	1	1	183	4	18
chr11	810358	811596	1	1	1	1188	24	18
chr11	811633	811903	1	1	0	0	1	13
chr11	811646	812534	1	1	1	555	49	17
chr11	812634	812759	1	1	1	1787	79	18
chr11	812634	812762	1	1	0	14	0	18
chr11	819906	821627	1	1	1	8	0	15
chr11	819925	838504	1	3	0	0	1	12
chr11	821861	821957	1	1	1	10	0	17
chr11	822024	822396	1	1	1	13	0	17
chr11	822607	823526	1	1	1	2	4	10
chr11	823588	823693	1	1	1	4	0	17
chr11	823856	823997	1	1	1	3	0	4
chr11	824131	824313	1	1	1	4	0	15
chr11	824437	824522	1	1	1	2	0	4
chr11	827460	828229	1	1	1	3	0	9
chr11	828964	829359	1	1	1	1	0	8
chr11	829561	838186	2	2	0	0	1	14
chr11	830133	830249	1	1	1	2	0	16
chr11	830714	830865	1	1	1	8	0	12
chr11	831033	831223	1	1	1	5	0	9
chr11	831296	831534	1	1	1	5	0	16
chr11	833023	836062	1	1	0	4	0	14
chr11	833027	834457	1	1	1	0	2	3
chr11	833027	834529	1	1	1	11	0	15
chr11	833027	836062	1	1	1	13	0	15
chr11	834592	836062	1	1	1	42	6	17
chr11	836154	836250	1	1	1	15	1	17
chr11	836443	836768	1	1	1	25	0	15
chr11	836844	837249	1	1	1	25	0	17
chr11	837355	837459	1	1	1	49	0	15
chr11	837606	840261	2	2	1	0	2	4
chr11	837619	837941	1	1	1	32	1	17
chr11	838029	838132	1	1	1	22	0	17
chr11	840481	842413	2	2	1	12	3	14
chr11	843051	847200	1	1	1	1	0	3
chr11	844187	847200	1	1	1	1	0	9
chr11	844588	847200	1	3	1	4	0	16
chr11	847301	850287	1	1	1	2	0	5
chr11	850368	862549	1	1	1	2	0	5
chr11	862742	864436	1	1	1	4	0	7
chr11	864512	865512	1	1	1	1	0	16
chr11	865615	865693	1	1	1	6	0	17
chr11	865826	865917	1	1	1	6	0	10
chr11	866002	866561	1	1	1	1	0	7
chr11	869957	870120	2	2	1	7	0	14
chr11	870164	870418	2	2	1	4	0	7
chr11	870500	883147	2	2	1	9	0	17
chr11	882516	883147	2	2	1	2	0	9
chr11	883304	884067	2	2	1	12	0	18
chr11	884170	893426	2	2	1	38	0	13
chr11	884170	899339	2	2	1	1	1	3
chr11	893520	899339	2	2	1	14	0	18
chr11	899402	900003	2	2	1	30	1	18
chr11	900111	900935	2	2	1	17	0	16
chr11	900981	902197	2	2	1	9	0	16
chr11	902331	902961	2	2	1	17	0	16
chr11	903112	904705	2	2	1	13	0	16
chr11	904860	908541	2	4	1	4	1	14
chr11	904860	910774	2	2	1	16	1	13
chr11	908646	910774	2	2	1	9	0	13
chr11	926001	972217	1	3	1	0	3	6
chr11	926089	959436	1	1	1	51	0	17
chr11	959506	970168	1	1	1	30	0	15
chr11	959506	977094	1	1	0	2	0	17
chr11	970312	972061	1	1	1	8	0	16
chr11	972256	977094	1	1	1	13	0	15
chr11	972256	981197	1	1	0	1	0	16
chr11	977225	981197	1	1	1	5	0	18
chr11	981300	984644	1	1	1	12	0	15
chr11	984754	985434	1	1	1	3	2	16
chr11	985583	986784	1	1	1	3	2	7
chr11	986954	988551	1	3	1	7	0	15
chr11	988690	992502	1	1	1	10	1	15
chr11	992686	993283	1	1	1	1	0	4
chr11	993986	994071	1	1	1	8	0	18
chr11	994246	1000431	1	1	1	1	0	10
chr11	1134504	1140379	2	2	0	1	0	12
