chr11	100410	138961	1	1	0	0	1	15
chr11	101875	314025	2	2	0	0	9	13
chr11	113175	121257	2	2	1	2	0	4
chr11	121427	125577	2	2	1	19	2	16
chr11	131374	131466	2	2	1	3	2	16
chr11	131525	133587	2	2	1	4	0	15
chr11	134797	134889	2	2	1	1	1	7
chr11	134948	135174	2	2	1	5	2	12
chr11	134948	138046	2	2	1	2	1	10
chr11	138112	138955	2	2	1	7	0	14
chr11	139153	139488	2	2	1	2	0	3
chr11	167885	168942	2	2	1	4	0	16
chr11	169053	180208	2	2	1	3	0	11
chr11	193912	194417	1	1	1	4	0	15
chr11	203976	314056	1	1	0	0	48	13
chr11	204853	217969	1	1	0	0	1	12
chr11	205470	205610	2	2	1	9	0	18
chr11	205668	205951	2	2	1	16	1	16
chr11	206044	207006	2	2	1	1	19	7
chr11	206044	207302	2	2	1	26	19	16
chr11	207298	252747	2	2	0	0	1	12
chr11	207630	291389	1	1	0	2	0	12
chr11	208903	213438	1	1	0	0	1	13
chr11	208939	209174	1	1	1	1	0	10
chr11	208939	209270	1	1	1	19	0	10
chr11	210001	210570	1	1	1	41	0	18
chr11	210001	210574	1	1	1	1	0	13
chr11	210663	211198	1	1	1	8	0	16
chr11	211350	212415	1	1	1	11	0	13
chr11	212760	212836	1	1	1	4	0	14
chr11	212982	213298	1	1	1	8	0	18
chr11	213419	214229	1	1	1	3	0	14
chr11	213498	214229	1	1	1	1	0	4
chr11	216719	218777	2	2	1	6	0	16
chr11	216719	218831	2	2	1	18	1	15
chr11	219042	224077	2	2	1	5	1	7
chr11	230553	232982	2	2	1	1	0	10
chr11	233216	233342	2	2	1	2	1	10
chr11	233535	236047	2	2	1	1	0	5
chr11	233535	236193	2	2	1	4	1	13
chr11	233535	236615	2	2	1	1	0	3
chr11	236923	291138	1	3	0	2	0	12
chr11	237145	238997	1	1	1	4	0	14
chr11	238535	288281	1	1	0	0	1	16
chr11	244217	244425	1	1	1	11	1	17
chr11	244470	244674	1	1	1	4	0	15
chr11	244762	247276	1	1	1	5	0	10
chr11	246382	288041	1	1	0	0	1	12
chr11	249058	250802	1	1	1	2	0	16
chr11	250866	251545	1	1	1	5	0	17
chr11	250866	251819	1	1	1	2	0	4
chr11	251627	251819	1	1	1	7	0	12
chr11	251937	252504	1	1	1	7	0	13
chr11	275072	425278	1	1	0	0	4	12
chr11	279321	297819	2	4	0	0	1	12
chr11	279738	288271	1	1	0	0	1	13
chr11	279873	280083	1	1	1	2	0	5
chr11	279901	295179	1	1	0	0	1	13
chr11	280035	295448	2	2	0	0	2	13
chr11	280218	288056	1	3	0	0	1	13
chr11	280656	288136	2	2	0	0	5	14
chr11	281301	288425	1	3	0	0	1	13
chr11	281840	282701	1	1	1	2	0	4
chr11	281840	282704	1	1	1	2	8	12
chr11	283244	285137	2	2	0	1	0	15
chr11	283244	288181	2	2	0	1	0	15
chr11	283359	291398	1	3	0	0	1	13
chr11	284587	291146	1	1	0	1	0	13
chr11	287335	288019	1	1	1	3	0	15
chr11	287372	287737	1	1	0	0	1	16
chr11	287616	287737	1	1	0	0	2	16
chr11	287738	287859	1	1	0	1	4	16
chr11	287738	288019	1	1	0	2	0	16
chr11	287756	287877	1	1	0	0	2	14
chr11	287837	308894	1	1	0	0	1	16
chr11	287837	314814	1	1	0	0	1	16
chr11	288106	288385	1	1	0	1	0	15
chr11	288277	288385	1	1	0	4	0	17
chr11	288376	289741	1	1	0	0	1	13
chr11	288493	288618	1	1	1	106	2	12
chr11	288800	288949	1	3	1	4	0	14
chr11	288812	288949	1	1	1	7	1	14
chr11	289221	291814	1	3	0	1	0	12
chr11	289240	289803	1	1	1	2	0	8
chr11	289240	289869	1	1	1	2	1	17
chr11	289287	289385	1	1	0	0	1	14
chr11	289450	291308	1	1	0	1	0	12
chr11	290076	290389	1	1	1	52	0	18
chr11	290601	290657	1	1	1	1	1	6
chr11	290601	290677	1	1	1	46	1	17
chr11	291114	291975	1	1	1	3	0	11
chr11	291508	295489	1	1	0	0	1	12
chr11	291586	295405	1	1	0	0	1	14
chr11	292096	292545	1	1	1	23	0	18
chr11	292678	292885	1	1	1	8	2	15
chr11	292998	293162	1	1	1	26	0	14
chr11	293236	293365	1	1	1	10	1	13
chr11	293236	293393	1	1	0	1	0	12
chr11	293236	293669	1	1	1	1	0	3
chr11	293236	293709	1	1	0	1	0	17
chr11	293503	293573	1	1	0	1	0	13
chr11	293503	293593	1	1	1	27	2	17
chr11	293503	293669	1	1	0	1	0	13
chr11	293728	293829	1	1	1	19	0	18
chr11	293926	294098	1	1	1	54	0	17
chr11	294197	294266	1	1	1	8	0	16
chr11	294197	294320	1	1	1	2	0	16
chr11	294479	294555	1	1	1	56	1	18
chr11	295081	295467	2	2	0	0	1	18
chr11	295118	295188	2	2	0	0	1	15
chr11	295849	297792	1	1	0	0	1	12
chr11	298687	308342	1	1	0	0	1	13
chr11	298714	299304	2	2	1	2	0	4
chr11	299639	314047	2	2	0	0	1	12
chr11	304427	308230	1	1	1	0	1	3
chr11	306848	349991	2	2	0	1	0	14
chr11	308439	309012	1	1	1	2	5	14
chr11	308439	309017	1	1	1	0	1	8
chr11	308439	314921	1	1	1	0	5	14
chr11	308890	309012	1	1	1	1	0	14
chr11	309057	314047	2	2	0	1	0	12
chr11	309185	309252	1	3	1	13	3	16
chr11	310172	313996	1	1	1	1	0	5
chr11	310172	313999	1	1	1	0	5	6
chr11	310304	383712	1	1	0	0	3	12
chr11	313692	313996	1	1	1	0	5	3
chr11	313692	313999	1	1	1	9	0	5
chr11	314342	314963	1	3	1	1	0	4
chr11	314344	320570	2	2	0	1	0	16
chr11	314357	314921	1	1	1	14	3	13
chr11	314357	314926	1	1	1	1	1	15
chr11	314457	314921	1	1	1	0	2	12
chr11	314810	314921	1	1	1	0	6	13
chr11	316166	357762	2	2	0	1	0	12
chr11	319986	320564	2	2	1	3	1	8
chr11	319991	320112	2	2	1	3	6	16
chr11	319991	320464	2	2	1	0	2	12
chr11	319991	320564	2	2	1	38	1	17
chr11	320031	320564	2	2	1	1	0	4
chr11	320354	320748	2	4	1	6	4	11
chr11	320735	368931	1	3	0	0	1	12
chr11	320773	321223	2	2	1	0	3	3
chr11	320773	327250	2	2	1	0	3	3
chr11	327559	425280	2	2	0	2	0	12
chr11	329218	428017	2	2	0	3	0	14
chr11	332695	356579	2	2	0	0	1	13
chr11	332695	356943	2	2	0	0	1	12
chr11	332695	357032	2	2	0	0	1	13
chr11	332697	356765	2	2	0	0	1	15
chr11	332697	357409	2	2	0	0	1	14
chr11	335565	357592	2	2	0	0	1	12
chr11	335922	358766	2	2	0	1	0	15
chr11	355294	359677	1	1	0	0	1	12
chr11	356214	377076	2	2	0	0	1	12
chr11	357159	357818	2	2	0	0	1	13
chr11	357159	357949	2	2	0	0	2	15
chr11	357417	357610	2	2	0	1	0	14
chr11	357417	357714	2	2	0	0	1	17
chr11	361084	361134	2	2	0	1	1	18
chr11	369795	394216	1	3	0	1	0	12
chr11	369955	372108	1	1	1	36	0	18
chr11	372213	372661	1	1	1	6	1	17
chr11	372755	372851	1	1	1	4	0	15
chr11	372948	373025	1	1	1	8	0	17
chr11	373117	373190	1	1	1	3	0	14
chr11	373292	373448	1	1	1	2	0	6
chr11	373517	373749	1	1	1	1	0	11
chr11	373829	375460	1	1	1	5	0	14
chr11	375528	375638	1	1	1	5	2	14
chr11	375774	375846	1	1	1	4	0	17
chr11	375957	376073	1	1	1	2	0	10
chr11	376175	376250	1	1	1	13	0	17
chr11	376352	376420	1	1	1	12	0	17
chr11	377328	379417	1	1	1	78	1	14
chr11	379702	379865	1	1	1	4	0	13
chr11	380020	380129	1	1	1	10	0	16
chr11	380203	380291	1	1	1	13	1	9
chr11	380446	380824	1	1	1	6	0	14
chr11	380952	381668	1	1	1	10	0	17
chr11	391669	438655	2	2	0	0	1	12
chr11	394525	396607	1	1	1	2	0	15
chr11	396688	396813	1	1	1	1	0	13
chr11	397446	397538	1	1	1	2	0	17
chr11	397663	398991	1	1	1	1	0	10
chr11	399197	399966	1	1	1	4	0	14
chr11	404136	404235	1	1	1	3	0	17
chr11	404183	426543	1	1	0	1	0	12
chr11	404324	404533	1	1	1	3	0	15
chr11	406060	406141	2	2	1	2	0	14
chr11	406060	406348	2	2	1	3	0	13
chr11	406539	406842	2	2	1	2	0	14
chr11	406994	407061	2	2	1	1	0	3
chr11	407958	408072	2	2	1	1	0	12
chr11	408894	409216	2	2	1	0	3	3
chr11	408894	409859	2	2	1	0	3	3
chr11	408894	409867	2	2	1	0	5	4
chr11	408894	414822	2	2	1	0	5	4
chr11	410028	414822	2	2	1	1	0	9
chr11	410028	417324	2	2	1	1	0	11
chr11	416798	424833	1	1	0	0	1	13
chr11	420616	420717	2	2	1	1	0	8
chr11	420770	429593	1	1	0	1	0	13
chr11	421199	428087	2	2	1	1	0	14
chr11	428200	428357	2	2	1	4	0	13
chr11	429653	429757	2	2	1	3	0	15
chr11	429810	432454	1	1	0	1	0	14
chr11	429819	430082	2	2	1	2	0	12
chr11	430180	430268	2	2	1	1	0	3
chr11	430404	431693	2	2	1	3	0	17
chr11	431768	431847	2	2	1	1	0	9
chr11	432602	434212	1	1	0	1	0	15
chr11	433460	433814	2	2	1	5	0	13
chr11	433938	434023	2	2	1	6	0	17
chr11	433992	434212	1	1	0	2	0	17
chr11	434099	441920	2	2	1	13	0	18
chr11	450638	460186	1	1	1	1	0	3
chr11	452436	453206	1	1	0	2	0	14
chr11	472241	567690	1	1	0	0	2	12
chr11	477507	491235	2	2	0	1	0	12
chr11	479153	480124	1	1	1	0	1	12
chr11	479153	486938	1	1	1	2	0	7
chr11	487471	488198	1	1	1	1	0	12
chr11	489223	489399	1	1	0	1	0	14
chr11	490069	490419	1	1	1	1	0	13
chr11	494779	494882	2	2	1	7	0	14
chr11	495054	497970	2	2	1	3	0	17
chr11	498628	498762	2	2	1	1	0	4
chr11	498730	597503	2	2	0	0	2	12
chr11	498934	499014	2	2	1	8	0	17
chr11	499186	499828	2	2	1	2	0	11
chr11	500000	500483	2	2	1	2	0	13
chr11	500655	502061	2	2	1	2	0	17
chr11	502182	504426	2	2	1	0	1	3
chr11	502182	506608	2	2	1	3	0	15
chr11	502182	507112	2	2	1	1	0	15
chr11	502250	504823	2	2	1	1	0	11
chr11	502250	507112	2	2	1	2	0	13
chr11	504997	506608	2	2	1	123	1	18
chr11	504997	507112	2	2	1	3	0	14
chr11	532523	532630	2	2	1	28	2	18
chr11	532708	556142	1	1	0	0	1	13
chr11	532756	533276	2	2	1	4	0	17
chr11	532756	533452	2	2	1	20	0	17
chr11	533354	533452	2	2	1	1	0	6
chr11	533359	533452	2	2	1	3	0	5
chr11	533613	533765	2	2	1	3	0	17
chr11	533945	534211	2	2	1	5	0	16
chr11	534376	535256	2	2	1	1	0	5
chr11	534376	535415	2	2	1	4	0	16
chr11	534376	536852	2	2	1	1	0	9
chr11	537606	538597	1	1	1	1	0	10
chr11	538861	539579	1	1	1	5	0	17
chr11	541625	544719	1	1	1	2	0	11
chr11	550273	551130	1	1	1	4	0	11
chr11	551303	551650	1	1	1	2	0	18
chr11	551828	551902	1	1	1	2	0	4
chr11	551968	552089	1	1	1	2	0	17
chr11	552111	607146	2	2	0	0	3	13
chr11	552233	552568	1	1	1	1	2	6
chr11	552703	553962	1	1	1	1	0	16
chr11	555504	555733	2	2	1	1	0	4
chr11	555931	555995	2	2	1	1	0	16
chr11	557488	557571	2	2	1	2	0	7
chr11	558040	558160	2	2	1	2	0	17
chr11	558082	585678	2	2	0	0	2	13
chr11	558767	558855	2	2	1	1	0	4
chr11	558816	607191	2	2	0	2	0	17
chr11	558980	560682	2	2	1	1	0	4
chr11	560653	562458	1	1	0	0	1	13
chr11	561034	561761	1	1	1	22	1	16
chr11	561224	607207	1	1	0	1	0	12
chr11	561331	574080	2	2	0	0	1	12
chr11	561478	561761	1	1	1	0	1	3
chr11	561893	562078	1	1	1	6	0	7
chr11	562652	598467	2	2	0	0	1	12
chr11	562652	607370	2	2	0	1	0	13
chr11	562777	563188	1	1	1	3	0	18
chr11	563318	563395	1	1	1	2	0	12
chr11	563318	563557	1	1	1	1	0	12
chr11	563446	589335	1	1	0	0	1	14
chr11	563918	611919	2	2	0	0	2	12
chr11	563942	571880	2	2	0	0	1	12
chr11	571850	574667	1	1	0	17	0	18
chr11	572025	574667	1	1	0	1	0	13
chr11	574766	575361	1	1	0	2	0	13
chr11	575167	607240	2	2	0	0	1	12
chr11	575852	576422	1	1	0	2	0	14
chr11	576306	576391	2	2	0	6	0	16
chr11	576507	608482	1	3	0	0	1	12
chr11	576593	581491	1	1	1	67	3	18
chr11	577436	608654	1	1	0	0	2	12
chr11	579571	608419	1	1	0	0	1	15
chr11	580220	581491	1	1	0	1	0	15
chr11	581598	581961	1	1	0	5	0	18
chr11	581598	581964	1	1	1	2	0	17
chr11	581607	581961	1	1	1	32	0	17
chr11	581607	581964	1	1	1	9	1	17
chr11	582082	587258	1	1	1	43	1	18
chr11	587465	591383	1	1	1	6	0	17
chr11	591468	592558	1	1	1	2	0	10
chr11	592675	596922	1	1	1	3	0	16
chr11	592675	598372	1	1	0	1	0	18
chr11	597021	597394	1	1	1	20	0	18
chr11	597093	642739	1	1	0	0	1	12
chr11	597571	598372	1	1	1	54	0	17
chr11	597571	601573	1	1	0	1	0	13
chr11	597684	608675	1	1	0	1	0	13
chr11	598503	601573	1	1	1	85	0	18
chr11	601702	605118	1	1	1	12	1	15
chr11	605301	605604	1	1	1	1	0	4
chr11	605301	605607	1	1	1	2	0	3
chr11	605374	608677	1	1	0	2	0	12
chr11	605725	606441	1	1	1	4	0	16
chr11	605727	607023	1	1	0	0	1	13
chr11	606158	643180	1	1	0	0	1	14
chr11	606597	607065	1	1	1	7	0	15
chr11	606842	608461	1	1	0	0	1	13
chr11	609721	610195	1	1	1	8	2	17
chr11	610348	610500	1	1	1	4	0	15
chr11	610762	610953	1	1	1	34	2	17
chr11	610920	658319	2	2	0	0	1	15
chr11	611083	611633	1	1	1	38	3	16
chr11	613596	613784	2	2	1	1	0	12
chr11	613866	613950	2	2	1	1	1	14
chr11	613866	614475	2	2	1	0	1	3
chr11	613866	629336	2	2	0	0	1	12
chr11	614038	614173	2	2	1	1	0	4
chr11	615283	642779	1	1	0	0	1	12
chr11	620387	621079	2	2	1	1	0	4
chr11	624758	642757	1	1	0	0	1	14
chr11	624758	642813	1	1	0	0	1	14
chr11	626531	626696	2	2	1	2	0	12
chr11	637941	639603	2	2	0	1	0	16
chr11	639546	639647	1	1	1	1	0	3
chr11	639648	657009	1	1	0	0	1	13
chr11	642307	643587	1	1	0	1	0	17
chr11	643099	661482	1	1	0	0	1	14
chr11	643685	643798	1	1	0	1	0	15
chr11	644337	663155	2	2	0	0	1	12
chr11	644655	646127	2	2	0	1	0	16
chr11	644655	651161	2	2	1	0	1	3
chr11	644655	653961	2	2	1	11	0	16
chr11	653445	653961	2	2	0	0	1	17
chr11	653505	653961	2	2	0	0	1	17
chr11	654052	674535	2	2	1	1	0	12
chr11	674423	706024	1	1	0	0	1	15
chr11	674784	678693	2	2	1	1	2	12
chr11	678823	679687	2	2	1	2	0	9
chr11	679817	680962	2	2	1	2	0	6
chr11	681090	684897	2	2	1	2	0	13
chr11	686998	687910	2	2	1	6	0	17
chr11	688461	691500	2	2	1	2	0	14
chr11	691599	694758	2	4	1	13	1	16
chr11	695823	698868	1	1	1	1	0	16
chr11	695847	698868	1	1	1	1	0	7
chr11	698000	706571	2	2	1	1	0	5
chr11	698889	700141	1	1	1	1	0	15
chr11	700236	700614	1	1	1	3	0	13
chr11	700708	702944	1	1	1	1	0	13
chr11	703147	704441	1	1	1	2	0	12
chr11	705756	726679	1	3	0	0	1	12
chr11	706289	709329	1	1	1	4	1	16
chr11	706814	709329	1	1	1	1	0	11
chr11	709609	710421	1	1	1	18	0	16
chr11	710487	720061	1	1	1	9	0	11
chr11	720224	720596	1	1	1	4	0	15
chr11	720747	720829	1	1	1	6	0	16
chr11	720910	721063	1	1	1	16	0	14
chr11	721188	721284	1	1	1	2	0	4
chr11	721207	721284	1	1	1	13	0	17
chr11	721353	721564	1	1	1	6	0	16
chr11	721692	721902	1	1	1	3	0	15
chr11	721992	722090	1	1	1	1	0	8
chr11	722166	722400	1	1	1	2	0	15
chr11	722550	722672	1	1	1	2	0	8
chr11	722806	723240	1	1	1	5	0	15
chr11	723354	724723	1	1	1	11	0	17
chr11	724830	725128	1	1	0	2	0	18
chr11	724830	725727	1	1	1	2	0	16
chr11	726171	726303	1	1	1	30	0	17
chr11	726485	726618	1	1	1	5	0	10
chr11	726752	726900	1	1	1	9	1	17
chr11	747579	755878	1	1	1	23	0	16
chr11	756003	758949	1	1	1	65	0	16
chr11	759058	760121	1	1	1	7	0	14
chr11	760254	763343	1	1	1	1	0	17
chr11	763520	763746	1	1	1	1	0	6
chr11	763945	764287	1	1	1	5	1	17
chr11	764434	764812	1	1	1	62	0	18
chr11	770399	770678	2	2	1	1	0	12
chr11	770904	770992	2	2	1	5	0	16
chr11	772522	773521	2	2	1	1	0	5
chr11	773630	774007	2	2	1	4	0	13
chr11	774114	775065	2	2	1	12	1	16
chr11	774114	777398	2	2	1	2	0	5
chr11	777696	778116	1	1	0	1	0	14
chr11	777877	824863	1	1	0	0	1	15
chr11	778219	783529	1	1	1	2	0	13
chr11	783672	784023	1	1	1	4	0	3
chr11	786698	830623	2	2	0	1	0	18
chr11	792069	792141	2	2	1	1	0	14
chr11	792218	792303	2	2	1	1	0	11
chr11	792520	831548	2	2	0	1	0	12
chr11	792989	793528	2	2	1	1	0	13
chr11	793601	841284	1	1	0	0	3	12
chr11	793620	794457	2	2	1	4	0	7
chr11	794514	794775	2	2	1	2	0	15
chr11	796368	798216	2	2	1	1	0	3
chr11	798239	841286	2	2	0	1	0	12
chr11	798351	816315	1	1	0	1	0	15
chr11	798498	836333	2	2	0	0	1	15
chr11	800311	845512	2	2	0	0	1	14
chr11	801366	801444	2	2	1	1	1	17
chr11	801625	801964	2	2	1	1	1	8
chr11	801725	801775	1	1	0	0	1	15
chr11	802091	802194	2	4	1	0	1	13
chr11	802598	802681	2	2	1	1	0	6
chr11	804464	809411	2	2	1	1	0	5
chr11	806096	809411	2	2	1	1	0	7
chr11	810040	810233	1	1	1	77	3	17
chr11	810322	811596	1	1	1	1	0	8
chr11	810358	811596	1	1	1	807	23	18
chr11	811646	812534	1	1	1	460	41	17
chr11	812634	812759	1	1	1	1668	89	18
chr11	812634	812762	1	1	0	13	0	18
chr11	818959	819573	1	1	1	2	0	9
chr11	821237	863972	2	2	0	0	1	13
chr11	821861	821957	1	1	1	3	0	16
chr11	822024	822396	1	1	1	3	0	15
chr11	822607	823526	1	1	1	8	1	13
chr11	823588	823693	1	1	1	8	0	17
chr11	823856	823997	1	1	1	4	0	9
chr11	824131	824313	1	1	1	4	0	15
chr11	824437	824522	1	1	1	5	0	17
chr11	826267	828229	1	1	1	1	0	10
chr11	827460	828229	1	1	1	5	0	13
chr11	827460	828259	1	1	1	1	0	3
chr11	827712	828259	0	0	1	3	0	17
chr11	828773	828851	1	1	1	3	0	8
chr11	828964	829359	1	1	1	6	0	16
chr11	829184	829359	1	1	1	4	0	16
chr11	829541	829985	1	1	1	2	0	9
chr11	830133	830249	1	1	1	3	0	17
chr11	830338	830620	1	1	1	1	1	18
chr11	830565	842425	2	2	0	0	2	12
chr11	830714	830865	1	1	1	7	0	16
chr11	830714	831223	1	1	1	1	0	5
chr11	831033	831223	1	1	1	5	0	13
chr11	831296	831534	1	1	1	19	1	17
chr11	833023	834529	1	1	1	1	1	9
chr11	833023	836062	1	1	0	5	0	16
chr11	833027	834529	1	1	1	11	0	15
chr11	833027	836062	1	1	1	63	2	17
chr11	834592	836062	1	1	1	121	4	17
chr11	834804	836062	1	1	1	0	2	7
chr11	836154	836250	1	1	1	9	0	14
chr11	836443	836768	1	1	1	12	0	17
chr11	836443	837249	1	1	1	1	0	6
chr11	836844	837249	1	1	1	8	0	13
chr11	837355	837459	1	1	1	14	0	15
chr11	837619	837941	1	1	1	17	0	16
chr11	838029	838132	1	1	1	1	0	12
chr11	840481	842413	2	2	1	13	0	16
chr11	840721	841219	1	1	0	1	0	16
chr11	841405	842215	1	1	0	2	0	13
chr11	843097	848308	1	1	0	1	0	12
chr11	843730	847169	1	1	1	3	2	3
chr11	847301	850287	1	1	1	3	0	14
chr11	847301	862549	1	1	1	0	1	5
chr11	850368	862549	1	1	1	2	0	13
chr11	864512	865512	1	1	1	2	0	16
chr11	865615	865693	1	1	1	3	0	7
chr11	865826	865917	1	1	1	1	0	10
chr11	866002	866561	1	1	1	3	0	17
chr11	868672	869213	2	2	1	1	0	3
chr11	869346	869857	2	2	1	1	0	16
chr11	870164	870418	2	2	1	15	0	13
chr11	883304	884067	2	2	1	1	0	16
chr11	884170	893426	2	2	1	5	0	13
chr11	893520	899339	2	2	1	5	0	18
chr11	899402	900003	2	2	1	3	0	10
chr11	900111	900935	2	2	1	6	0	14
chr11	902331	902961	2	2	1	3	0	7
chr11	903112	904705	2	2	1	3	0	17
chr11	904860	910640	2	2	1	0	2	4
chr11	904860	910774	2	2	1	7	1	14
chr11	904860	914303	2	2	1	0	1	3
chr11	908646	910640	2	2	1	2	0	17
chr11	908646	910774	2	2	1	2	0	5
chr11	910501	953543	1	1	0	0	1	12
chr11	910501	953545	1	1	0	0	1	12
chr11	926089	959436	1	1	1	37	1	17
chr11	943801	943990	1	1	0	0	1	16
chr11	943944	943990	1	1	0	0	1	16
chr11	943991	944085	1	1	0	0	2	17
chr11	944039	944085	1	1	0	0	1	16
chr11	959506	970168	1	1	1	2	0	5
chr11	970312	972061	1	1	1	2	0	12
chr11	972256	977094	1	1	1	6	0	17
chr11	981300	984644	1	1	1	5	0	14
chr11	982929	991596	1	1	0	1	0	12
chr11	985583	986784	1	1	1	5	0	11
chr11	986954	988551	1	3	1	1	0	9
chr11	988690	992502	1	1	1	1	0	6
chr11	993382	993753	1	1	1	3	0	9
