chr11	101875	314025	2	2	0	1	3	13
chr11	121427	125577	2	2	1	4	0	18
chr11	127649	129571	2	2	1	1	0	4
chr11	131374	131466	2	2	1	10	5	18
chr11	131525	133587	2	2	1	1	0	8
chr11	133779	134563	2	2	1	2	0	14
chr11	133779	138046	2	2	1	1	0	9
chr11	134797	134889	2	2	1	0	4	18
chr11	134948	135174	2	2	1	0	1	7
chr11	134948	138046	2	2	1	0	2	3
chr11	138112	138955	2	2	1	1	0	15
chr11	139153	139488	2	2	1	1	0	4
chr11	167885	168942	2	2	1	2	0	16
chr11	175740	175780	2	2	0	0	1	16
chr11	176026	176251	2	2	0	0	1	15
chr11	176137	176251	2	2	0	0	1	15
chr11	203976	314056	1	1	0	0	3	13
chr11	205470	205610	2	2	1	2	0	8
chr11	205668	205951	2	2	1	10	0	14
chr11	206039	207302	2	2	0	1	0	17
chr11	206044	207006	2	2	1	0	37	4
chr11	206044	207302	2	2	1	27	38	16
chr11	208939	209174	1	1	1	2	0	5
chr11	208939	209258	1	1	1	4	0	4
chr11	208939	209270	1	1	1	8	0	9
chr11	209319	209406	1	1	1	3	0	13
chr11	210001	210570	1	1	1	2	0	13
chr11	210663	211198	1	1	1	3	1	12
chr11	211350	212415	1	1	1	7	1	13
chr11	212760	212836	1	1	1	4	0	6
chr11	212982	213298	1	1	1	7	0	18
chr11	213419	214229	1	1	1	3	0	14
chr11	216719	218777	2	2	1	2	0	11
chr11	216719	218831	2	2	1	12	0	13
chr11	219042	224077	2	2	1	2	0	4
chr11	233216	233342	2	2	1	3	0	16
chr11	233535	236047	2	2	1	2	0	4
chr11	237145	238997	1	1	1	5	0	14
chr11	244076	244160	1	1	1	4	0	14
chr11	244217	244425	1	1	1	6	0	16
chr11	244470	244674	1	1	1	8	0	15
chr11	244762	247276	1	1	1	7	1	11
chr11	247449	248775	1	1	1	2	0	15
chr11	248856	248931	1	1	1	1	0	7
chr11	249058	250802	1	1	1	3	1	15
chr11	250866	251545	1	1	1	6	0	14
chr11	250866	252504	1	1	1	2	0	11
chr11	251627	251819	1	1	1	10	2	13
chr11	251937	252504	1	1	1	3	0	7
chr11	278599	279326	1	1	1	1	0	5
chr11	281840	282701	1	1	1	0	1	3
chr11	284643	285165	1	1	1	3	0	8
chr11	287335	288019	1	1	1	2	0	4
chr11	288493	288618	1	1	1	2	0	11
chr11	290076	290389	1	1	1	3	0	14
chr11	290601	290677	1	1	1	3	0	10
chr11	291114	291975	1	1	1	1	0	7
chr11	292096	292545	1	1	1	10	0	18
chr11	292678	292885	1	1	1	6	0	11
chr11	292998	293162	1	1	1	5	0	7
chr11	293236	293365	1	1	1	3	0	15
chr11	293503	293593	1	1	1	2	0	17
chr11	293728	293829	1	1	1	5	0	18
chr11	293926	294098	1	1	1	13	0	18
chr11	294197	294266	1	1	1	7	0	18
chr11	294197	294320	1	1	1	1	0	3
chr11	294479	294555	1	1	1	11	0	9
chr11	303685	308230	1	1	1	0	1	3
chr11	307793	308230	1	1	1	0	1	3
chr11	308345	314262	2	2	0	0	2	15
chr11	308439	309012	1	1	1	11	13	16
chr11	308439	314921	1	1	1	0	12	14
chr11	308475	309017	1	1	1	6	0	4
chr11	308890	309012	1	1	1	3	0	12
chr11	308890	309017	1	1	1	1	0	3
chr11	309185	309252	1	3	1	29	4	16
chr11	310417	311034	2	2	0	0	2	18
chr11	310761	314232	1	1	0	0	1	17
chr11	313421	313996	1	1	1	2	0	4
chr11	314342	314963	1	3	1	4	0	4
chr11	314357	314673	1	1	1	0	1	11
chr11	314357	314921	1	1	1	10	34	17
chr11	318747	319363	1	1	0	0	2	18
chr11	319991	320564	2	2	1	34	28	17
chr11	320249	320564	2	2	1	0	1	11
chr11	320773	325757	2	4	1	1	0	9
chr11	361084	361134	2	2	0	2	0	15
chr11	372948	373025	1	1	1	11	0	16
chr11	373292	373448	1	1	1	4	0	17
chr11	373829	375460	1	1	1	3	0	14
chr11	375528	375638	1	1	1	7	0	15
chr11	377328	379417	1	1	1	3	1	5
chr11	380020	380129	1	1	1	4	0	13
chr11	380203	380291	1	1	1	1	0	9
chr11	400142	400333	1	1	1	3	0	7
chr11	400706	403077	1	1	1	1	0	16
chr11	403264	403617	1	1	1	3	0	15
chr11	403772	403942	1	1	1	6	0	16
chr11	404136	404235	1	1	1	3	0	8
chr11	406060	406348	2	2	1	4	1	13
chr11	406539	406842	2	2	1	2	0	11
chr11	406994	407061	2	2	1	4	0	11
chr11	407165	407424	2	2	1	1	0	10
chr11	407569	407816	2	2	1	2	0	5
chr11	407958	408072	2	2	1	1	0	4
chr11	408207	408694	2	2	1	2	0	10
chr11	418590	418719	2	2	1	3	0	13
chr11	418814	418887	2	2	1	1	0	3
chr11	428827	429569	2	2	1	1	0	3
chr11	429653	429757	2	2	1	1	0	10
chr11	432602	433063	1	1	0	2	0	13
chr11	452064	452099	1	1	0	0	1	18
chr11	460289	473894	1	1	1	1	0	9
chr11	460289	479084	1	1	1	1	0	11
chr11	463042	463347	2	4	1	0	1	5
chr11	473978	479084	1	1	1	2	0	7
chr11	477163	524882	1	1	0	0	1	15
chr11	479153	480124	1	1	1	0	2	9
chr11	479153	486938	1	1	1	1	0	4
chr11	488648	489399	1	1	1	1	0	6
chr11	489515	489587	1	1	1	3	0	16
chr11	490069	490419	1	1	1	5	0	17
chr11	490643	491120	1	1	1	1	0	11
chr11	494779	494882	2	2	1	14	0	12
chr11	495054	497970	2	2	1	23	0	17
chr11	498142	498456	2	2	1	5	0	13
chr11	498628	498762	2	2	1	4	0	9
chr11	498934	499014	2	2	1	20	0	17
chr11	499186	499828	2	2	1	17	0	12
chr11	500000	500483	2	2	1	12	0	16
chr11	500655	502061	2	2	1	10	0	18
chr11	502182	504426	2	2	1	0	1	9
chr11	502182	504823	2	2	1	2	0	10
chr11	502182	507112	2	2	1	4	1	12
chr11	502250	507112	2	2	1	1	0	3
chr11	504997	506608	2	2	1	9	2	15
chr11	504997	507112	2	2	1	7	0	17
chr11	532523	532630	2	2	1	3	0	10
chr11	532756	533452	2	2	1	1	0	6
chr11	534376	535415	2	2	1	7	2	16
chr11	537606	538522	1	1	0	1	0	12
chr11	537606	538597	1	1	1	1	0	14
chr11	538861	539579	1	1	1	1	0	10
chr11	539727	540670	1	1	0	1	0	17
chr11	540862	541536	1	1	1	6	0	14
chr11	541625	544719	1	1	1	6	0	16
chr11	544781	549901	1	1	1	2	0	17
chr11	549999	550071	1	1	1	4	0	12
chr11	550273	551130	1	1	1	2	0	10
chr11	551303	551650	1	1	1	1	0	10
chr11	551828	551902	1	1	1	4	0	8
chr11	552233	552568	1	1	1	5	1	15
chr11	552703	553962	1	1	1	4	0	16
chr11	556568	557202	1	1	0	3	0	15
chr11	556568	557263	1	1	0	2	0	17
chr11	558249	558613	2	2	1	1	0	5
chr11	558767	558855	2	2	1	1	0	6
chr11	558935	559320	1	1	1	1	0	12
chr11	558980	559346	2	2	1	1	1	12
chr11	559477	559784	1	1	0	1	0	18
chr11	559861	560414	1	1	0	1	0	14
chr11	561034	561761	1	1	1	3	1	15
chr11	561478	561761	1	1	1	1	1	3
chr11	561893	562078	1	1	1	4	1	5
chr11	562777	563188	1	1	1	6	0	13
chr11	563348	563557	1	1	0	2	0	15
chr11	575852	576422	1	1	0	1	0	15
chr11	576593	581491	1	1	1	32	0	17
chr11	581598	581961	1	1	0	5	0	17
chr11	581598	581964	1	1	1	2	0	17
chr11	581607	581961	1	1	1	14	0	18
chr11	582082	587258	1	1	1	30	0	18
chr11	587465	591383	1	1	1	3	0	18
chr11	591468	592558	1	1	1	5	0	9
chr11	592675	596922	1	1	1	4	0	17
chr11	597021	597394	1	1	1	16	1	18
chr11	597571	598372	1	1	1	42	0	17
chr11	598503	601573	1	1	1	47	0	16
chr11	601696	605118	1	1	0	2	0	12
chr11	601702	605118	1	1	1	3	0	12
chr11	605301	605604	1	1	1	7	2	11
chr11	605301	605607	1	1	1	1	0	15
chr11	605725	606441	1	1	1	3	0	11
chr11	609721	610195	1	1	1	8	0	18
chr11	610348	610500	1	1	1	1	0	11
chr11	610762	610953	1	1	1	13	2	17
chr11	611083	611633	1	1	1	13	0	15
chr11	612801	612998	2	2	1	1	0	5
chr11	613596	613784	2	2	1	4	0	17
chr11	613866	613950	2	2	1	5	0	6
chr11	614532	614796	2	2	1	0	1	4
chr11	614535	614796	2	2	1	2	0	18
chr11	615260	615344	2	2	1	5	0	14
chr11	615648	615912	2	2	1	1	0	15
chr11	618112	618598	2	2	1	0	2	3
chr11	620165	620295	2	2	1	1	0	6
chr11	623819	648337	1	1	0	0	1	13
chr11	640307	640400	1	1	1	0	2	17
chr11	644655	653961	2	2	1	4	0	18
chr11	652362	916205	1	1	0	0	4	13
chr11	654052	674535	2	2	1	5	0	10
chr11	667745	730908	1	1	0	2	1	14
chr11	674784	679687	2	2	1	1	0	3
chr11	678823	679687	2	2	1	1	0	11
chr11	679817	680962	2	2	1	1	0	16
chr11	681090	684897	2	2	1	2	0	7
chr11	684964	686857	2	2	1	4	0	11
chr11	685228	699326	1	1	0	0	1	13
chr11	686998	687910	2	2	1	2	0	13
chr11	688058	688330	2	2	1	3	0	13
chr11	688461	691500	2	2	1	5	0	16
chr11	691599	694758	2	4	1	12	0	16
chr11	698889	700141	1	1	1	2	0	14
chr11	700236	700614	1	1	1	3	0	15
chr11	703147	703799	1	1	1	1	0	15
chr11	706289	706673	1	1	1	2	0	11
chr11	706289	709329	1	1	1	1	0	12
chr11	709452	709552	1	1	1	1	0	12
chr11	709609	710421	1	1	1	18	1	15
chr11	710487	720061	1	1	1	16	2	14
chr11	720224	720596	1	1	1	4	0	11
chr11	720747	720829	1	1	1	22	0	17
chr11	720747	720833	1	1	0	1	0	18
chr11	720910	721063	1	1	1	28	1	15
chr11	721188	721284	1	1	1	7	0	5
chr11	721207	721284	1	1	1	17	1	16
chr11	721353	721564	1	1	1	21	0	16
chr11	721692	721902	1	1	1	1	1	13
chr11	721992	722090	1	1	1	1	1	15
chr11	722166	722400	1	1	1	1	0	14
chr11	722550	722672	1	1	1	1	0	5
chr11	722806	723240	1	1	1	12	0	16
chr11	723354	724723	1	1	1	13	0	18
chr11	724830	725727	1	1	1	3	0	16
chr11	725378	725727	1	1	0	1	0	14
chr11	725848	726097	1	1	1	1	0	10
chr11	726171	726303	1	1	1	15	1	16
chr11	726485	726618	1	1	1	5	0	15
chr11	726752	726900	1	1	1	6	1	13
chr11	740448	746169	2	2	0	0	1	12
chr11	744347	746169	2	2	0	0	1	12
chr11	747579	755878	1	1	1	34	0	17
chr11	756003	758949	1	1	1	48	1	17
chr11	759058	760121	1	1	1	10	0	17
chr11	760254	763343	1	1	1	0	1	12
chr11	763945	764287	1	1	1	4	0	16
chr11	764434	764812	1	1	1	14	0	17
chr11	770904	770992	2	2	1	1	0	16
chr11	772522	774007	2	2	1	3	0	15
chr11	773630	774007	2	2	1	4	0	12
chr11	774114	775065	2	2	1	10	0	13
chr11	774114	777398	2	2	1	1	0	12
chr11	778219	783529	1	1	1	1	0	12
chr11	792069	792141	2	2	1	2	0	11
chr11	792459	792552	2	2	1	4	0	15
chr11	793620	794457	2	2	1	4	0	9
chr11	794902	794986	2	2	1	1	0	15
chr11	799566	799814	2	2	1	3	0	17
chr11	800452	800542	2	2	1	1	0	6
chr11	800667	800761	2	2	1	11	0	13
chr11	801121	801217	2	2	1	1	0	8
chr11	801366	801444	2	2	1	2	0	18
chr11	801625	801964	2	2	1	1	0	13
chr11	802091	802194	2	4	1	1	0	14
chr11	810040	810233	1	1	1	139	6	18
chr11	810040	811596	1	1	0	1	0	13
chr11	810046	852482	1	1	0	1	0	14
chr11	810049	811596	1	1	1	1	0	3
chr11	810322	811596	1	1	1	1	0	16
chr11	810358	811596	1	1	1	673	18	18
chr11	810498	811596	1	1	1	2	0	11
chr11	811646	812534	1	1	1	876	92	17
chr11	812634	812759	1	1	1	1975	131	18
chr11	812634	812762	1	1	0	18	0	18
chr11	812634	812774	1	1	0	1	0	13
chr11	819906	821627	1	1	1	1	0	6
chr11	821861	821957	1	1	1	1	0	9
chr11	822024	822396	1	1	1	6	0	10
chr11	822607	823526	1	1	1	10	0	13
chr11	823588	823693	1	1	1	10	0	17
chr11	823856	823997	1	1	1	7	1	4
chr11	824131	824313	1	1	1	11	0	17
chr11	824437	824522	1	1	1	10	0	11
chr11	828964	829359	1	1	1	5	0	15
chr11	829184	829359	1	1	1	4	0	13
chr11	829530	837342	1	1	0	1	0	12
chr11	829541	829985	1	1	1	1	0	11
chr11	830133	830249	1	1	1	3	0	10
chr11	831296	831534	1	1	1	3	0	12
chr11	833023	834529	1	1	1	1	0	5
chr11	833023	836062	1	1	0	2	0	14
chr11	833027	834529	1	1	1	0	2	5
chr11	833027	836062	1	1	1	4	2	14
chr11	834068	834529	1	1	1	0	2	5
chr11	834592	836062	1	1	1	42	3	16
chr11	836154	836250	1	1	1	4	0	14
chr11	836443	836768	1	1	1	16	0	16
chr11	836844	837249	1	1	1	8	0	17
chr11	837355	837459	1	1	1	24	2	15
chr11	837619	837941	1	1	1	32	0	18
chr11	838029	838132	1	1	1	13	2	15
chr11	839786	840413	1	1	0	1	0	13
chr11	840481	842413	2	2	1	5	0	15
chr11	842916	850287	1	1	1	6	0	6
chr11	844588	847200	1	3	1	1	0	9
chr11	847301	850287	1	1	1	1	1	16
chr11	850368	862549	1	1	1	9	0	14
chr11	862742	864436	1	1	1	4	0	16
chr11	864512	865512	1	1	1	4	0	16
chr11	865615	865693	1	1	1	2	0	12
chr11	865826	865917	1	1	1	4	0	14
chr11	866002	866561	1	1	1	1	0	4
chr11	869957	870120	2	2	1	2	0	14
chr11	870164	870418	2	2	1	1	0	13
chr11	870500	883147	2	2	1	3	0	17
chr11	883304	884067	2	2	1	2	0	8
chr11	884170	893426	2	2	1	14	1	8
chr11	893520	899339	2	2	1	6	1	18
chr11	899402	900003	2	2	1	7	0	9
chr11	900111	900935	2	2	1	3	0	14
chr11	900981	902197	2	2	1	10	0	16
chr11	902331	902961	2	2	1	3	0	5
chr11	903112	904705	2	2	1	8	0	15
chr11	904860	910774	2	2	1	2	0	18
chr11	908646	910774	2	2	1	7	0	10
chr11	926089	959436	1	1	1	37	1	17
chr11	946964	959436	1	1	1	1	0	14
chr11	959349	959436	1	1	0	1	0	16
chr11	959506	970168	1	1	1	13	3	15
chr11	969144	977100	2	2	0	0	1	16
chr11	970312	972061	1	1	1	2	0	12
chr11	972256	977094	1	1	1	9	0	14
chr11	977225	981197	1	1	1	1	1	17
chr11	981300	984644	1	1	1	5	0	14
chr11	984754	985431	1	1	1	1	0	8
chr11	984754	985434	1	1	1	3	0	11
chr11	985583	986784	1	1	1	8	2	14
chr11	986954	988551	1	3	1	8	0	14
chr11	988690	992502	1	1	1	12	0	15
chr11	992686	993283	1	1	1	3	0	5
chr11	993382	993753	1	1	1	3	0	11
chr11	993986	994071	1	1	1	9	0	16
chr11	1048237	1058373	2	4	0	0	1	13
chr11	1329311	1347470	1	1	0	1	0	13
